Match_ID,Player_Slot,Radiant_Win,Duration,Game_Mode,Lobby_Type,Hero_ID,Start_Time,Version,Kills,Deaths,Leaver_Status,Party_Size,Skill
172240176,0,True,483,1,0,72,2013-04-13,,2,0,0,,
172253231,128,False,1183,1,0,17,2013-04-13,,12,1,0,,
172608783,2,True,1664,1,0,17,2013-04-14,,20,3,0,,
172622405,4,True,2219,1,0,39,2013-04-14,,14,6,0,,
172636745,4,True,2008,1,0,8,2013-04-14,,23,2,0,,
172652573,129,False,2312,1,0,49,2013-04-14,,23,2,0,,
172671014,3,True,1753,1,0,17,2013-04-14,,23,2,0,,
173423257,2,False,3579,1,0,77,2013-04-15,,15,9,0,,
173574850,1,True,1669,1,0,21,2013-04-15,,10,8,0,,
173589853,132,False,2425,1,0,86,2013-04-15,,3,6,0,,
174152160,4,True,649,1,0,70,2013-04-16,,5,0,0,,
174169244,0,True,2439,1,0,70,2013-04-16,,7,3,0,,
174193314,132,True,1875,1,0,17,2013-04-16,,16,7,0,,
174205156,131,True,2614,1,0,51,2013-04-16,,8,9,0,,
174752620,130,True,2354,1,0,21,2013-04-16,,8,9,0,,
174828977,3,False,1884,1,0,86,2013-04-17,,1,8,0,,
174871031,129,False,2728,1,0,17,2013-04-17,,26,2,0,,
174888167,2,False,3152,1,0,44,2013-04-17,,16,8,0,,
174905323,3,True,2275,1,0,21,2013-04-17,,7,4,0,,
175512017,129,True,2422,1,0,69,2013-04-18,,13,7,0,,
175554828,2,True,2044,1,0,73,2013-04-18,,7,6,0,,
175567441,0,True,633,1,0,86,2013-04-18,,4,1,0,,
175958880,4,False,2989,1,0,2,2013-04-18,,9,9,0,,
176247890,3,True,2282,1,0,72,2013-04-19,,19,10,0,,
176263559,1,True,1671,1,0,12,2013-04-19,,16,0,0,,
176278872,3,True,1845,1,0,21,2013-04-19,,6,6,0,,
176918518,1,False,461,1,0,21,2013-04-20,,0,1,1,,
176928122,4,True,2467,1,0,21,2013-04-20,,9,4,0,,
177019195,0,True,1134,1,0,34,2013-04-20,,7,2,0,,
177084121,2,False,2061,1,0,72,2013-04-20,,13,8,0,,
178735037,132,False,3891,1,0,21,2013-04-22,,9,10,0,,
180076902,0,False,2495,1,0,35,2013-04-24,,3,7,0,,
180089468,3,True,374,1,0,2,2013-04-24,,0,0,0,,
180095246,129,False,2240,1,0,39,2013-04-24,,11,2,0,,
180108119,129,False,2185,1,0,57,2013-04-24,,2,3,0,,
180786518,3,True,2001,1,0,21,2013-04-25,,15,4,0,,
180800006,129,False,1376,1,0,63,2013-04-25,,16,2,0,,
180810399,129,True,2060,1,0,17,2013-04-25,,11,6,0,,
181425443,0,True,1579,1,0,60,2013-04-26,,18,3,0,,
181434492,2,True,1321,1,0,93,2013-04-26,,10,1,0,,
182098558,129,False,3383,1,0,70,2013-04-27,,23,5,0,,
182130704,131,True,1993,1,0,94,2013-04-27,,6,3,0,,
183767092,130,True,3083,1,0,4,2013-04-29,,15,9,0,,
183784170,131,False,2336,1,0,73,2013-04-29,,8,1,0,,
184508501,130,True,1829,1,0,1,2013-04-30,,2,6,0,,
184519919,1,True,2167,1,0,1,2013-04-30,,16,0,0,,
184535841,3,True,1255,1,0,1,2013-04-30,,5,1,0,,
185235759,128,True,1662,1,0,21,2013-05-01,,1,7,0,,
185287846,0,True,2045,1,0,64,2013-05-01,,8,5,0,,
185306869,4,False,2333,1,0,79,2013-05-01,,8,9,0,,
185892914,131,True,1379,1,0,1,2013-05-01,,1,4,0,,
185912884,3,True,1803,1,0,17,2013-05-01,,11,3,0,,
186741579,128,True,2371,3,0,48,2013-05-03,,15,7,0,,
186804586,4,False,2315,1,0,44,2013-05-03,,9,5,0,,
239169389,3,False,1970,1,0,63,2013-07-10,,4,8,0,,
239183729,2,False,976,1,0,86,2013-07-10,,1,6,1,,
240816958,131,False,1466,1,0,17,2013-07-12,,15,3,0,,
240828777,131,True,2151,1,0,1,2013-07-12,,5,11,0,,
248220680,0,True,2158,1,0,23,2013-07-20,,17,4,0,,
248251972,128,True,2335,1,0,25,2013-07-20,,3,11,0,,
265745098,0,True,1286,1,0,25,2013-08-07,,6,2,0,,
265762393,128,False,2957,1,0,26,2013-08-07,,9,7,0,,
266358267,1,False,796,1,0,37,2013-08-07,,0,1,1,,
266382115,128,True,2398,1,0,21,2013-08-07,,3,11,0,,
266549090,0,False,1986,1,0,1,2013-08-07,,3,6,0,,
266803927,128,False,1802,1,0,62,2013-08-08,,9,2,0,,
267382354,129,True,1964,3,0,55,2013-08-08,,4,10,0,,
267499413,0,False,470,1,0,33,2013-08-08,,0,0,1,,
267515563,2,False,2328,3,0,21,2013-08-08,,3,9,0,,
272140979,129,True,491,12,0,50,2013-08-12,,0,2,1,,
272159612,0,True,2338,1,0,86,2013-08-12,,8,5,0,,
272192562,0,True,1704,1,0,15,2013-08-13,,7,4,0,,
272222089,130,False,2026,5,0,71,2013-08-13,,2,4,0,,
272242923,128,True,979,1,0,86,2013-08-13,,1,8,1,,
272255782,1,True,2538,3,0,51,2013-08-13,,5,6,0,,
272916247,1,False,3422,1,0,86,2013-08-13,,7,8,0,,
273143044,128,True,3169,1,0,86,2013-08-13,,4,12,0,,
273367271,3,True,1815,5,0,68,2013-08-13,,6,6,0,,
273389047,3,False,2615,1,0,86,2013-08-14,,1,11,0,,
273454598,128,True,1700,3,0,69,2013-08-14,,3,6,0,,
273472948,128,False,474,1,0,86,2013-08-14,,0,0,0,,
273481258,0,False,1245,1,0,86,2013-08-14,,0,6,1,,
273497288,132,False,1730,1,0,86,2013-08-14,,1,5,0,,
274060039,128,False,1758,4,0,38,2013-08-14,,5,3,0,,
274291334,129,True,3616,1,0,86,2013-08-14,,1,11,0,,
274532989,4,True,3466,1,0,86,2013-08-14,,7,8,0,,
274656241,0,True,1487,1,0,86,2013-08-15,,2,1,0,,
274671629,132,True,2071,4,0,86,2013-08-15,,4,14,0,,
275262991,129,False,1839,1,0,86,2013-08-15,,5,4,0,,
286730372,128,True,2907,4,0,89,2013-08-25,,8,7,0,,
286803722,128,True,1712,3,0,63,2013-08-25,,5,5,1,,
286845803,131,False,2369,5,0,77,2013-08-25,,4,3,0,,
287172773,129,True,1112,1,0,86,2013-08-26,,6,5,0,,
287209101,1,True,1759,1,0,86,2013-08-26,,3,1,0,,
287294600,132,False,987,1,0,62,2013-08-26,,6,2,0,,
287307014,1,False,1963,1,0,86,2013-08-26,,5,8,0,,
287327519,1,True,2610,1,0,86,2013-08-26,,5,6,0,,
287357061,3,True,2819,1,0,86,2013-08-26,,2,8,0,,
288265502,2,True,3243,1,0,86,2013-08-26,,13,8,0,,
288304114,3,True,3045,5,0,84,2013-08-27,,4,6,0,,
288411880,1,True,1754,3,0,33,2013-08-27,,7,2,0,,
288445135,128,False,2271,1,0,86,2013-08-27,,13,1,0,,
289530622,3,True,1793,1,0,86,2013-08-28,,11,3,0,,
289549538,128,False,2863,1,0,15,2013-08-28,,17,9,0,,
289596121,129,True,2980,1,0,86,2013-08-28,,3,16,0,,
290722722,131,False,614,1,0,86,2013-08-29,,3,0,0,,
290733526,1,False,2269,1,0,86,2013-08-29,,5,7,0,,
290754949,3,False,2028,1,0,86,2013-08-29,,2,6,0,,
290783707,129,True,1612,1,0,17,2013-08-29,,13,5,0,,
290803329,0,True,743,1,0,11,2013-08-29,,2,2,0,,
290816331,1,False,2303,1,0,14,2013-08-29,,15,11,0,,
290856169,0,True,3183,1,0,39,2013-08-29,,13,7,0,,
291619667,2,True,2378,5,0,13,2013-08-29,,6,4,0,,
291887588,0,False,1640,1,0,41,2013-08-30,,1,2,0,,
291911770,0,True,2746,1,0,86,2013-08-30,,6,4,0,,
291975077,0,False,2316,1,0,41,2013-08-30,,7,6,0,,
293015459,128,False,2490,1,0,17,2013-08-31,,12,3,0,,
293103725,132,False,2959,1,0,17,2013-08-31,,18,3,0,,
293139178,132,False,1967,1,0,39,2013-08-31,,13,2,0,,
293163005,4,False,2575,1,0,86,2013-08-31,,5,11,0,,
293194863,132,True,2404,1,0,2,2013-08-31,,5,9,0,,
293258066,131,False,2985,3,0,33,2013-08-31,,10,3,0,,
293874542,4,False,2626,1,0,15,2013-08-31,,7,5,0,,
294026211,128,True,1916,1,0,8,2013-08-31,,2,9,0,,
294098987,132,True,2345,1,0,86,2013-08-31,,3,9,0,,
294147556,132,False,2057,1,0,57,2013-08-31,,6,3,0,,
294185642,2,True,2034,1,0,2,2013-08-31,,11,1,0,,
294223490,2,True,2902,1,0,55,2013-08-31,,6,6,0,,
294312836,131,False,1184,3,0,23,2013-09-01,,8,0,0,,
294327862,2,False,2819,3,0,41,2013-09-01,,6,5,0,,
294398996,131,True,2384,1,0,63,2013-09-01,,7,6,0,,
294433973,129,False,2218,4,0,69,2013-09-01,,13,4,0,,
294505140,2,False,1921,1,0,98,2013-09-01,,4,6,0,,
294548784,129,True,2646,3,0,86,2013-09-01,,8,4,0,,
294600853,1,True,2431,1,0,17,2013-09-01,,19,2,0,,
294647479,130,True,2264,1,0,6,2013-09-01,,1,11,0,,
295470764,4,True,2834,1,0,62,2013-09-01,,9,6,0,,
295510592,4,False,2627,1,0,36,2013-09-01,,18,9,0,,
295539180,132,True,1985,1,0,48,2013-09-01,,5,5,0,,
295557515,132,False,2883,1,0,86,2013-09-02,,11,3,0,,
295580146,4,False,2050,1,0,2,2013-09-02,,5,9,0,,
295595818,129,True,2029,1,0,55,2013-09-02,,3,5,0,,
295614783,2,False,2558,1,0,39,2013-09-02,,20,7,0,,
295634615,129,True,1909,1,0,2,2013-09-02,,13,6,0,,
295685883,131,False,2818,1,0,86,2013-09-02,,8,7,0,,
295713967,130,True,2366,1,0,17,2013-09-02,,7,7,0,,
295739309,129,False,2453,1,0,33,2013-09-02,,6,3,0,,
296268164,131,False,2021,1,0,42,2013-09-02,,7,3,0,,
296434882,1,True,2390,1,0,69,2013-09-02,,8,2,0,,
296478267,1,True,1631,1,0,72,2013-09-02,,13,1,0,,
296724830,130,False,2487,1,0,86,2013-09-03,,5,6,0,,
297397406,129,True,2242,1,0,2,2013-09-03,,5,6,0,,
299631506,1,False,3477,1,0,35,2013-09-05,,4,5,0,,
299661611,1,True,2232,1,0,2,2013-09-06,,15,3,0,,
302204274,3,True,1324,1,0,56,2013-09-08,,4,0,0,,
302219153,0,False,2246,1,0,99,2013-09-08,,9,3,0,,
302289762,128,True,2371,1,0,81,2013-09-08,,3,5,0,,
302322208,130,True,2802,4,0,34,2013-09-08,,7,5,0,,
302360935,129,False,1788,1,0,31,2013-09-08,,12,3,0,,
302390572,128,False,3165,1,0,86,2013-09-08,,9,6,0,,
302447580,0,False,3238,1,0,103,2013-09-08,,16,10,0,,
303324764,0,True,1491,1,0,36,2013-09-08,,6,2,0,,
303587629,129,False,2390,1,0,49,2013-09-09,,22,4,0,,
303620800,4,True,2006,1,0,86,2013-09-09,,4,2,0,,
303646484,0,False,1766,1,0,91,2013-09-09,,0,8,2,,
303667059,1,True,2489,1,0,31,2013-09-09,,12,2,0,,
303688213,0,False,2683,1,0,59,2013-09-09,,6,14,0,,
304830950,3,False,2341,1,0,23,2013-09-09,,3,7,0,,
304860963,128,True,1360,1,0,47,2013-09-10,,1,8,1,,
304865037,132,False,2528,1,0,76,2013-09-10,,19,1,0,,
304886182,1,True,2388,1,0,87,2013-09-10,,1,7,0,,
304910685,128,False,1783,1,0,29,2013-09-10,,1,2,0,,
304928008,129,False,1511,3,0,86,2013-09-10,,4,3,0,,
304978265,1,True,2206,1,0,90,2013-09-10,,5,5,0,,
304998556,0,True,2954,1,0,86,2013-09-10,,7,7,0,,
305025832,131,False,2948,3,0,89,2013-09-10,,11,4,0,,
305053337,131,False,2037,5,0,98,2013-09-10,,5,6,0,,
305687939,130,True,2039,1,0,10,2013-09-10,,4,3,0,,
305732716,128,True,3046,1,0,86,2013-09-10,,2,7,0,,
305807595,128,True,1990,1,0,52,2013-09-10,,5,9,0,,
305933212,1,True,2756,5,0,89,2013-09-11,,3,6,0,,
305954444,0,True,3401,1,0,98,2013-09-11,,9,6,0,,
306830023,129,False,2220,1,0,51,2013-09-12,,12,6,0,,
306845002,1,False,2225,1,0,57,2013-09-12,,2,8,0,,
306860659,131,True,1774,3,0,63,2013-09-12,,9,6,0,,
306959749,0,True,1616,1,0,96,2013-09-12,,5,2,0,,
306985627,129,False,2340,1,0,36,2013-09-12,,11,4,0,,
307009409,128,False,2774,1,0,14,2013-09-12,,9,6,0,,
308984594,128,True,1748,1,0,36,2013-09-14,,7,10,0,,
309001377,129,True,2587,1,0,33,2013-09-14,,0,7,0,,
309022926,131,False,2285,1,0,86,2013-09-14,,4,7,0,,
309041892,0,True,2355,1,0,86,2013-09-14,,3,2,0,,
309102787,0,True,1450,1,0,38,2013-09-14,,5,2,0,,
309122301,129,False,1953,4,0,69,2013-09-14,,13,3,0,,
309159442,132,True,3355,3,0,86,2013-09-14,,6,11,0,,
309206495,131,False,980,1,0,86,2013-09-14,,2,1,0,,
309223589,131,False,3092,1,0,86,2013-09-14,,8,6,0,,
309968466,131,False,1895,1,0,25,2013-09-14,,4,4,0,,
310038376,3,True,2501,1,0,86,2013-09-14,,5,4,0,,
310097135,0,False,2093,1,0,86,2013-09-14,,3,6,0,,
310375813,3,False,2320,1,0,36,2013-09-15,,2,10,0,,
310396675,130,False,2832,1,0,28,2013-09-15,,8,4,0,,
310424766,1,True,1649,1,0,50,2013-09-15,,3,1,0,,
310459955,130,True,2545,1,0,17,2013-09-15,,12,9,0,,
310490095,3,True,2919,1,0,86,2013-09-15,,7,3,0,,
310529661,2,True,2341,1,0,17,2013-09-15,,19,2,0,,
310560456,2,False,3112,1,0,86,2013-09-15,,2,15,0,,
310605135,130,True,2554,1,0,32,2013-09-15,,9,9,0,,
311429068,2,True,2448,1,0,69,2013-09-15,,6,7,0,,
311506055,1,True,2884,1,0,86,2013-09-15,,11,5,0,,
311599943,128,False,2207,5,0,57,2013-09-15,,2,1,0,,
311718861,4,False,2057,3,0,50,2013-09-16,,0,3,0,,
311733963,130,False,3628,1,0,18,2013-09-16,,10,8,0,,
311760993,3,False,1851,3,0,33,2013-09-16,,2,7,0,,
311777626,130,True,3148,1,0,86,2013-09-16,,10,8,0,,
311803077,130,True,3914,1,0,2,2013-09-16,,16,10,0,,
312789430,1,True,2435,1,0,1,2013-09-17,,5,4,0,,
312809378,131,False,2220,1,0,1,2013-09-17,,11,1,0,,
313750812,0,True,2414,1,0,86,2013-09-18,,4,4,0,,
313767902,128,False,1915,4,0,89,2013-09-18,,5,2,0,,
313782199,129,False,2346,4,0,1,2013-09-18,,11,2,0,,
314693879,4,True,2185,1,0,86,2013-09-18,,6,3,0,,
314812036,130,False,2755,1,0,86,2013-09-19,,3,5,0,,
314878573,2,True,2268,3,0,39,2013-09-19,,9,3,0,,
314904678,2,True,2859,1,0,1,2013-09-19,,13,5,0,,
315992330,130,False,2113,1,0,86,2013-09-20,,8,4,0,,
317026172,0,False,2893,1,0,86,2013-09-21,,6,6,0,,
317053232,1,True,2691,3,0,7,2013-09-21,,4,10,0,,
317146085,128,True,2239,3,0,39,2013-09-21,,7,6,0,,
317170681,128,True,1019,1,0,86,2013-09-21,,4,2,1,,
317185515,130,False,539,1,0,86,2013-09-21,,1,1,0,,
317197742,1,True,2860,4,0,85,2013-09-21,,6,7,0,,
317232472,0,False,2009,1,0,86,2013-09-21,,5,13,0,,
317275533,131,True,2011,1,0,21,2013-09-21,,5,7,0,,
317310482,2,True,1700,1,0,86,2013-09-21,,4,5,0,,
317342422,128,True,2319,1,0,86,2013-09-21,,4,9,0,,
317398219,4,True,1611,1,0,86,2013-09-21,,3,5,0,,
317430923,0,False,2568,3,0,86,2013-09-21,,9,8,0,,
317488417,130,True,1984,1,0,86,2013-09-21,,1,3,0,,
317539396,129,False,2578,3,0,20,2013-09-21,,1,3,0,,
318260357,0,True,2681,1,0,72,2013-09-21,,11,2,0,,
318305198,0,True,1468,4,0,22,2013-09-21,,10,1,0,,
318330683,0,False,2656,3,0,86,2013-09-21,,1,7,0,,
318370898,128,True,2309,1,0,17,2013-09-22,,7,10,0,,
318463292,128,False,1941,4,0,8,2013-09-22,,5,3,0,,
318505776,0,False,1562,1,0,17,2013-09-22,,2,5,0,,
318523621,0,True,2498,1,0,17,2013-09-22,,19,3,0,,
318551631,0,False,2446,1,0,51,2013-09-22,,4,10,0,,
318604899,1,True,3680,1,0,96,2013-09-22,,13,10,0,,
318657025,1,True,1955,1,0,27,2013-09-22,,6,1,0,,
319439948,131,False,1737,1,0,49,2013-09-22,,11,2,0,,
319477891,128,False,3089,1,0,56,2013-09-22,,32,7,0,,
319665091,0,True,2546,3,0,98,2013-09-23,,13,6,0,,
319742395,130,False,2151,1,0,17,2013-09-23,,14,1,0,,
319778349,132,True,2401,1,0,102,2013-09-23,,7,6,0,,
319802603,128,True,1692,1,0,86,2013-09-23,,2,11,0,,
320256967,128,True,2698,1,0,69,2013-09-23,,8,8,0,,
320639876,130,False,3195,1,0,85,2013-09-24,,14,8,0,,
320663986,4,True,1631,1,0,86,2013-09-24,,1,2,0,,
320691692,129,False,1756,1,0,29,2013-09-24,,4,2,0,,
320729378,132,True,2275,1,0,1,2013-09-24,,8,5,0,,
320770232,3,True,1842,1,0,17,2013-09-24,,12,1,0,,
321494995,0,False,1656,1,0,62,2013-09-24,,6,9,0,,
321557085,4,True,3220,1,0,12,2013-09-24,,8,7,0,,
321592000,1,True,2330,1,0,37,2013-09-24,,6,1,0,,
321634531,132,True,3078,1,0,17,2013-09-25,,9,6,0,,
321737596,131,False,1799,1,0,86,2013-09-25,,8,5,0,,
321754101,132,False,1885,1,0,86,2013-09-25,,5,6,0,,
322615495,0,True,1326,1,0,57,2013-09-25,,1,0,0,,
322681335,128,True,1941,1,0,1,2013-09-26,,8,7,0,,
322739079,3,True,2371,1,0,17,2013-09-26,,19,6,0,,
322755869,131,False,1336,3,0,86,2013-09-26,,11,0,0,,
322767223,132,True,2229,1,0,79,2013-09-26,,3,7,0,,
322787370,132,False,2655,1,0,51,2013-09-26,,20,4,0,,
323825181,131,True,2616,1,0,86,2013-09-27,,5,7,0,,
323844809,131,True,2531,1,0,98,2013-09-27,,11,7,0,,
323864473,131,False,2671,1,0,86,2013-09-27,,13,6,0,,
323890604,1,True,1737,1,0,99,2013-09-27,,5,3,0,,
323907533,130,False,2409,1,0,21,2013-09-27,,6,5,0,,
323975197,0,True,2377,1,0,23,2013-09-27,,5,4,0,,
324706331,0,True,2356,1,0,8,2013-09-27,,6,1,0,,
324749361,129,False,1922,1,0,89,2013-09-27,,4,1,0,,
324984810,131,False,912,1,0,86,2013-09-28,,0,0,0,,
325001312,0,True,2491,1,0,51,2013-09-28,,3,4,0,,
325031019,130,False,671,1,0,4,2013-09-28,,0,1,0,,
325048178,0,True,2010,3,0,64,2013-09-28,,3,5,0,,
326107764,3,False,2481,4,0,42,2013-09-28,,8,5,0,,
326161083,129,False,2095,1,0,93,2013-09-28,,19,3,0,,
326357258,132,True,1838,1,0,86,2013-09-29,,6,8,0,,
326377526,0,False,993,1,0,86,2013-09-29,,1,3,1,,
326392473,3,False,1928,1,0,62,2013-09-29,,2,2,0,,
326413204,3,True,1968,1,0,86,2013-09-29,,3,4,0,,
326435598,131,False,2679,1,0,86,2013-09-29,,4,3,0,,
326492599,3,False,2759,3,0,31,2013-09-29,,9,7,0,,
326546404,0,False,2385,1,0,1,2013-09-29,,5,2,0,,
326586971,0,False,2459,1,0,86,2013-09-29,,9,8,0,,
326637676,128,True,4072,1,0,83,2013-09-29,,4,8,0,,
326719104,128,False,1880,1,0,86,2013-09-29,,4,2,0,,
326823481,0,False,3113,1,0,15,2013-09-29,,10,11,0,,
327010730,129,True,1716,1,0,31,2013-09-29,,0,5,0,,
327067630,2,True,3293,1,0,71,2013-09-29,,8,4,0,,
327630583,1,False,2446,1,0,36,2013-09-30,,7,7,0,,
327648604,1,False,3699,1,0,43,2013-09-30,,5,4,0,,
327697286,129,False,2785,1,0,60,2013-09-30,,4,5,0,,
327722008,132,True,2092,1,0,2,2013-09-30,,3,10,0,,
327740195,130,False,2526,1,0,60,2013-09-30,,13,3,0,,
327792710,130,False,1017,1,0,86,2013-09-30,,3,0,0,,
327806054,132,False,1293,1,0,86,2013-09-30,,1,1,0,,
327822390,132,True,2334,1,0,86,2013-09-30,,3,7,0,,
327855170,0,False,1734,3,0,81,2013-09-30,,0,10,0,,
327880168,128,False,2236,4,0,9,2013-09-30,,24,3,0,,
327910730,0,False,2031,1,0,89,2013-09-30,,3,5,0,,
327946556,130,False,1482,1,0,32,2013-09-30,,11,3,0,,
328028999,1,True,3292,1,0,18,2013-09-30,,24,6,0,,
328100418,130,False,1941,1,0,71,2013-09-30,,15,4,0,,
328807474,2,False,1587,1,0,67,2013-10-01,,3,7,0,,
328823886,0,True,2271,1,0,50,2013-10-01,,7,2,0,,
328850314,130,True,2501,1,0,86,2013-10-01,,2,9,0,,
328879432,131,True,1711,1,0,98,2013-10-01,,6,6,1,,
328947292,3,True,2073,1,0,17,2013-10-01,,13,3,0,,
329000292,0,False,2573,1,0,45,2013-10-01,,2,21,0,,
329040388,128,False,1515,1,0,8,2013-10-01,,8,2,0,,
329073486,0,True,2080,1,0,41,2013-10-01,,12,1,0,,
329109318,128,False,2561,1,0,9,2013-10-01,,4,3,0,,
329863801,128,True,447,1,0,62,2013-10-02,,0,0,1,,
329867842,0,True,1970,3,0,51,2013-10-02,,9,4,0,,
329882685,129,True,1732,1,0,70,2013-10-02,,0,9,0,,
329895881,1,True,1700,1,0,41,2013-10-02,,12,3,0,,
330029972,0,False,1665,1,0,84,2013-10-02,,2,3,0,,
330053730,129,True,2183,1,0,79,2013-10-02,,3,10,1,,
330079895,0,True,1255,1,0,29,2013-10-02,,0,4,0,,
330099373,1,True,2251,1,0,86,2013-10-02,,3,4,0,,
330558626,129,False,2284,1,0,95,2013-10-02,,7,8,0,,
331002567,0,False,961,1,0,67,2013-10-03,,0,2,1,,
331012553,128,False,2325,1,0,16,2013-10-03,,7,6,0,,
331033020,130,False,1092,1,0,89,2013-10-03,,3,2,0,,
331043805,1,True,3385,1,0,27,2013-10-03,,1,8,0,,
331120732,1,False,2684,1,0,8,2013-10-03,,6,10,0,,
331150162,0,False,1751,1,0,95,2013-10-03,,1,6,0,,
331172090,132,True,1979,1,0,98,2013-10-03,,2,7,0,,
331200454,131,True,411,1,0,33,2013-10-03,,0,1,3,,
331209213,128,True,1016,1,0,86,2013-10-03,,0,7,1,,
331225338,130,False,1916,1,0,86,2013-10-03,,7,3,0,,
331264202,130,True,1787,1,0,9,2013-10-03,,6,6,0,,
331301144,128,False,2239,1,0,86,2013-10-03,,3,8,0,,
331337260,128,True,1418,1,0,86,2013-10-03,,3,3,1,,
331368655,0,True,2165,1,0,17,2013-10-03,,20,1,0,,
331411843,128,False,3141,1,0,86,2013-10-03,,3,3,0,,
331659147,0,False,2191,1,0,16,2013-10-03,,6,8,0,,
331721019,128,False,1809,1,0,3,2013-10-03,,11,4,0,,
331780820,128,False,1616,1,0,86,2013-10-03,,10,3,0,,
331827108,0,True,1894,3,0,17,2013-10-03,,15,1,0,,
332146809,1,False,2219,1,0,14,2013-10-04,,3,12,0,,
332169763,0,False,1818,1,0,58,2013-10-04,,2,7,0,,
332187846,2,True,2076,1,0,15,2013-10-04,,9,10,0,,
332221898,1,True,1967,1,0,38,2013-10-04,,2,2,0,,
332246680,129,False,2123,1,0,69,2013-10-04,,6,0,0,,
332271082,1,True,2634,1,0,14,2013-10-04,,12,15,0,,
332317746,128,False,886,1,0,20,2013-10-04,,4,1,0,,
332395990,129,False,2208,1,0,86,2013-10-04,,4,7,0,,
332434658,129,True,3046,1,0,17,2013-10-04,,9,9,0,,
332497892,129,True,2030,1,0,21,2013-10-04,,5,6,0,,
332548366,0,False,1340,1,0,86,2013-10-04,,0,3,4,,
332583514,0,True,2210,1,0,102,2013-10-04,,18,3,0,,
332741937,0,True,1421,1,0,86,2013-10-04,,7,3,0,,
332793284,0,False,3843,1,0,16,2013-10-04,,6,11,0,,
332882974,0,False,2276,4,0,75,2013-10-04,,7,11,0,,
332936428,129,False,3211,1,0,8,2013-10-04,,5,7,0,,
333026970,1,True,2708,1,0,83,2013-10-04,,3,5,0,,
333416838,4,True,2170,1,0,28,2013-10-05,,8,6,0,,
333440237,4,False,1839,1,0,87,2013-10-05,,4,8,0,,
333461964,131,True,2593,1,0,72,2013-10-05,,12,9,0,,
333492496,3,False,2041,1,0,86,2013-10-05,,1,11,0,,
333523883,2,False,3592,1,0,5,2013-10-05,,9,14,0,,
333574594,129,False,2705,1,0,18,2013-10-05,,11,7,0,,
333620879,132,False,2661,1,0,62,2013-10-05,,10,6,0,,
333672024,1,False,1588,1,0,42,2013-10-05,,3,4,0,,
333708659,1,True,2734,1,0,27,2013-10-05,,1,7,0,,
333768991,2,True,2184,1,0,86,2013-10-05,,3,4,0,,
333900013,128,True,1766,1,0,27,2013-10-05,,0,6,0,,
333946582,1,True,650,3,0,51,2013-10-05,,2,0,0,,
333979847,0,True,2036,1,0,86,2013-10-05,,1,8,0,,
334039190,0,False,2732,1,0,86,2013-10-05,,8,10,0,,
334149417,0,False,2688,3,0,89,2013-10-05,,10,8,0,,
334232155,0,False,2416,1,0,36,2013-10-05,,8,6,0,,
334307434,128,True,2763,1,0,86,2013-10-05,,3,5,0,,
334853302,3,True,1467,1,0,62,2013-10-06,,2,7,0,,
334870600,129,False,2206,3,0,51,2013-10-06,,9,4,0,,
334898313,128,False,2204,1,0,9,2013-10-06,,1,4,0,,
334928362,129,False,2708,1,0,5,2013-10-06,,3,13,0,,
335009352,2,False,2064,1,0,21,2013-10-06,,8,10,0,,
335054001,0,True,3185,1,0,25,2013-10-06,,10,10,0,,
335137339,131,False,2075,1,0,63,2013-10-06,,4,4,0,,
335195162,129,True,2047,1,0,102,2013-10-06,,3,3,0,,
335245970,128,True,2014,1,0,86,2013-10-06,,2,7,0,,
335301839,1,False,1855,1,0,86,2013-10-06,,9,11,0,,
335350833,2,True,2201,1,0,86,2013-10-06,,13,1,0,,
335436457,129,False,1666,1,0,8,2013-10-06,,6,2,0,,
335499424,128,True,1620,1,0,21,2013-10-06,,3,7,0,,
335569854,0,False,3227,1,0,69,2013-10-06,,11,10,0,,
335870226,0,False,2830,3,0,88,2013-10-06,,13,8,0,,
336460868,129,False,1554,1,0,86,2013-10-07,,5,3,0,,
336888291,128,False,2126,1,0,76,2013-10-07,,10,3,0,,
336942425,2,True,1940,1,0,77,2013-10-07,,3,2,0,,
337055556,1,True,2108,1,0,30,2013-10-07,,2,2,0,,
337121582,1,False,1407,1,0,51,2013-10-07,,1,4,0,,
337139814,4,False,2910,1,0,99,2013-10-07,,11,7,0,,
337169804,129,True,2188,1,0,57,2013-10-07,,5,3,0,,
337188923,129,False,2099,3,0,40,2013-10-08,,2,4,0,,
337215070,1,True,2396,1,0,20,2013-10-08,,1,7,0,,
337231039,1,False,1687,1,0,21,2013-10-08,,1,6,0,,
337392897,129,True,2296,1,0,41,2013-10-08,,5,3,0,,
337420186,129,True,1676,1,0,26,2013-10-08,,4,8,0,,
337440900,130,False,2146,1,0,49,2013-10-08,,10,5,0,,
337470706,128,True,2181,1,0,14,2013-10-08,,6,16,0,,
337509115,128,True,3136,1,0,39,2013-10-08,,7,9,1,,
337552774,0,True,2296,1,0,21,2013-10-08,,3,5,0,,
337675404,1,False,2202,1,0,21,2013-10-08,,6,7,0,,
337731299,1,True,1549,1,0,86,2013-10-08,,6,3,0,,
337770883,129,True,881,1,0,33,2013-10-08,,0,1,1,,
337795236,130,False,3601,1,0,86,2013-10-08,,5,5,0,,
337875419,129,True,2579,1,0,86,2013-10-08,,0,9,0,,
337932915,129,False,1741,1,0,88,2013-10-08,,5,7,0,,
337975141,0,True,2370,1,0,86,2013-10-08,,6,4,0,,
338178906,0,True,2381,1,0,21,2013-10-08,,4,5,0,,
338203367,0,False,2624,1,0,21,2013-10-08,,8,5,0,,
338224673,1,False,1999,1,0,86,2013-10-09,,2,3,0,,
338506176,129,False,1673,1,0,51,2013-10-09,,18,2,0,,
338898478,128,False,2338,3,0,2,2013-10-09,,8,2,0,,
339030067,2,False,1284,1,0,86,2013-10-09,,1,4,1,,
339060379,129,True,2949,1,0,83,2013-10-09,,3,8,0,,
339119570,129,False,1680,1,0,93,2013-10-09,,5,2,0,,
339192550,0,False,2171,1,0,86,2013-10-09,,2,6,0,,
339227171,0,True,4011,3,0,51,2013-10-09,,13,8,0,,
339268670,1,True,2601,1,0,93,2013-10-09,,12,6,0,,
339289115,1,False,2346,3,0,39,2013-10-10,,9,7,0,,
339308869,129,True,2677,1,0,51,2013-10-10,,19,7,0,,
339326655,129,False,716,1,0,95,2013-10-10,,4,0,0,,
339332905,129,True,2623,1,0,86,2013-10-10,,17,10,0,,
339637503,130,True,1972,1,0,51,2013-10-10,,10,12,0,,
339677232,128,False,2892,1,0,13,2013-10-10,,3,4,0,,
339734053,0,False,3363,1,0,76,2013-10-10,,7,7,0,,
339808404,0,False,2602,1,0,47,2013-10-10,,6,6,0,,
339879750,129,False,2475,1,0,16,2013-10-10,,8,8,0,,
339949486,128,False,2668,1,0,84,2013-10-10,,22,1,0,,
340254205,0,True,2123,3,0,86,2013-10-10,,7,3,0,,
340419124,132,True,1769,1,0,86,2013-10-11,,0,8,0,,
340433157,132,False,1975,1,0,95,2013-10-11,,7,5,0,,
340450054,129,False,3124,1,0,16,2013-10-11,,6,13,0,,
340477752,130,True,2814,1,0,49,2013-10-11,,8,6,0,,
340504217,2,False,1712,1,0,44,2013-10-11,,6,8,0,,
340542163,129,False,1977,1,0,86,2013-10-11,,3,2,0,,
341207296,0,True,2288,1,0,72,2013-10-11,,16,3,0,,
341268485,128,True,2150,3,0,103,2013-10-11,,4,10,0,,
341317792,3,True,1984,1,0,51,2013-10-11,,9,1,0,,
341363028,128,True,1439,1,0,84,2013-10-11,,0,8,1,,
341391989,128,False,2717,1,0,52,2013-10-11,,4,3,0,,
341466905,128,True,1727,3,0,86,2013-10-11,,4,4,0,,
341497041,0,True,2802,1,0,62,2013-10-11,,8,6,0,,
341603332,1,False,2683,3,0,21,2013-10-12,,1,5,0,,
341635002,129,True,2282,1,0,54,2013-10-12,,9,12,0,,
341657685,129,True,2351,1,0,60,2013-10-12,,1,11,0,,
341685131,130,True,1304,1,0,62,2013-10-12,,2,5,0,,
341702039,2,True,2064,1,0,31,2013-10-12,,6,1,0,,
341725417,1,True,2677,1,0,5,2013-10-12,,8,8,0,,
341758687,129,True,2893,4,0,45,2013-10-12,,7,7,0,,
341800392,129,True,2190,1,0,69,2013-10-12,,4,6,0,,
342536207,129,True,3218,1,0,45,2013-10-12,,9,6,0,,
342770562,128,False,1954,1,0,3,2013-10-12,,3,2,0,,
342809105,0,True,2697,1,0,32,2013-10-12,,18,7,0,,
342933778,131,True,1764,1,0,2,2013-10-13,,5,7,0,,
342952721,131,False,2651,1,0,58,2013-10-13,,12,2,0,,
342978182,131,False,3256,1,0,84,2013-10-13,,19,5,0,,
343007392,3,True,1967,1,0,86,2013-10-13,,2,3,0,,
343064823,2,True,2149,1,0,84,2013-10-13,,11,4,0,,
343091937,4,False,1622,3,0,86,2013-10-13,,5,10,0,,
343115141,130,True,1975,1,0,17,2013-10-13,,13,4,0,,
343154817,128,False,2899,1,0,86,2013-10-13,,3,5,0,,
343207447,1,True,1453,1,0,40,2013-10-13,,6,1,0,,
343236931,129,True,2388,1,0,68,2013-10-13,,7,7,0,,
343928999,128,False,2517,1,0,98,2013-10-13,,20,6,0,,
344196630,132,True,2614,1,0,94,2013-10-13,,3,5,0,,
344257438,2,True,1993,1,0,30,2013-10-13,,9,4,0,,
344282063,132,False,2885,1,0,7,2013-10-14,,5,6,0,,
344306379,4,False,2219,1,0,86,2013-10-14,,3,10,0,,
344986714,0,True,3075,1,0,68,2013-10-14,,6,7,0,,
345141599,0,True,1782,1,0,68,2013-10-14,,7,5,0,,
345449717,128,False,1946,1,0,68,2013-10-14,,5,3,0,,
345470336,128,False,1088,3,0,68,2013-10-15,,2,1,0,,
345482566,128,True,2417,1,0,68,2013-10-15,,1,5,1,,
345584711,129,False,2838,1,0,68,2013-10-15,,13,6,0,,
346339316,0,False,1606,1,0,68,2013-10-15,,3,2,0,,
346380064,128,False,2993,1,0,68,2013-10-15,,7,8,0,,
346569973,0,False,2385,4,0,79,2013-10-15,,3,10,0,,
346590417,2,False,2049,1,0,68,2013-10-16,,1,5,0,,
346630478,4,True,2451,1,0,68,2013-10-16,,1,9,0,,
346648096,131,True,2630,1,0,68,2013-10-16,,3,6,0,,
346739517,128,True,1579,1,0,21,2013-10-16,,3,3,0,,
346757205,0,True,1879,1,0,84,2013-10-16,,11,6,0,,
347811053,0,False,2266,1,0,93,2013-10-17,,9,6,0,,
347835627,0,True,2971,1,0,86,2013-10-17,,6,7,0,,
348803628,130,True,2831,1,0,44,2013-10-17,,7,9,0,,
348829255,130,False,2264,1,0,98,2013-10-18,,18,1,0,,
348847305,130,False,2118,1,0,71,2013-10-18,,14,3,0,,
348881112,4,False,1908,1,0,44,2013-10-18,,11,7,0,,
348894887,132,False,2485,1,0,44,2013-10-18,,17,4,0,,
349461789,129,False,887,1,0,44,2013-10-18,,4,1,0,,
349514540,0,True,1935,1,0,44,2013-10-18,,18,2,0,,
350088816,129,False,2169,1,0,44,2013-10-19,,15,5,0,,
351600390,4,True,1931,1,0,44,2013-10-20,,9,2,0,,
351619387,130,False,3115,1,0,44,2013-10-20,,13,3,0,,
351855387,129,False,2582,1,0,44,2013-10-20,,26,6,0,,
352954181,129,True,2084,1,0,8,2013-10-21,,4,4,0,,
352971654,130,True,2343,1,0,15,2013-10-21,,3,11,0,,
353004292,0,True,927,1,0,86,2013-10-21,,4,2,0,,
353018431,1,False,2417,1,0,32,2013-10-21,,8,6,0,,
353040980,0,False,2008,1,0,86,2013-10-21,,3,9,0,,
393325231,129,True,2647,1,0,86,2013-11-21,,4,7,0,,
393354671,0,False,2278,1,0,86,2013-11-21,,4,7,0,,
393402577,0,True,2367,1,0,106,2013-11-21,,7,7,0,,
393436025,0,True,2674,1,0,106,2013-11-21,,15,6,0,,
393483793,0,False,2398,1,0,71,2013-11-21,,5,4,0,,
393526756,0,False,3449,1,0,98,2013-11-21,,13,10,0,,
393592563,0,True,738,1,0,51,2013-11-21,,5,1,0,,
393613655,128,False,2179,1,0,86,2013-11-21,,4,4,0,,
393761724,0,True,2116,1,0,51,2013-11-21,,11,4,0,,
394500367,0,True,2256,1,0,98,2013-11-22,,13,4,0,,
394532050,0,True,3055,1,0,21,2013-11-22,,19,4,0,,
394608108,1,False,2401,1,0,51,2013-11-22,,9,8,0,,
394638870,129,True,2719,1,0,51,2013-11-22,,11,8,0,,
394676092,4,True,1687,1,0,98,2013-11-22,,13,1,0,,
394723902,128,True,1801,1,0,62,2013-11-22,,4,5,1,,
394752642,0,True,1893,1,0,55,2013-11-22,,9,5,0,,
394827237,2,False,2282,1,0,103,2013-11-22,,8,8,0,,
395008264,128,False,1955,1,0,98,2013-11-22,,10,2,0,,
396313293,0,True,2116,1,0,98,2013-11-23,,8,2,0,,
396378322,0,False,1924,1,0,98,2013-11-23,,5,3,0,,
396438959,128,True,2355,1,0,62,2013-11-23,,4,10,0,,
398189830,1,True,1158,1,0,98,2013-11-24,,7,1,0,,
399010938,0,True,3417,1,0,51,2013-11-25,,13,13,0,,
399624202,129,True,1402,1,0,51,2013-11-25,,0,1,0,,
399648522,0,True,1518,1,0,98,2013-11-25,,4,3,0,,
399671803,0,True,2631,1,0,86,2013-11-25,,3,8,0,,
399710511,0,False,1921,1,0,98,2013-11-25,,14,8,0,,
400036181,4,True,2184,1,0,51,2013-11-26,,10,2,0,,
400082447,0,False,1816,1,0,98,2013-11-26,,8,7,0,,
400247636,0,False,2169,1,0,98,2013-11-26,,2,9,0,,
400617869,128,True,2035,1,0,98,2013-11-26,,4,8,1,,
400635404,129,False,1599,1,0,98,2013-11-26,,2,3,0,,
400667902,1,True,2384,1,0,98,2013-11-26,,14,1,0,,
400734920,129,True,2030,1,0,86,2013-11-26,,4,11,0,,
400766841,0,False,753,1,0,55,2013-11-26,,3,2,1,,
400782085,0,False,1748,1,0,51,2013-11-26,,6,3,0,,
401248451,0,True,1592,1,0,51,2013-11-27,,4,1,0,,
401282249,1,False,2138,1,0,51,2013-11-27,,9,9,0,,
401606321,128,False,2173,1,0,86,2013-11-27,,6,4,0,,
401679056,0,False,1714,1,0,86,2013-11-27,,7,3,1,,
401714261,0,False,2826,1,0,86,2013-11-27,,1,4,0,,
401857406,4,True,2074,1,0,98,2013-11-27,,11,4,0,,
401919767,129,False,2265,1,0,51,2013-11-27,,10,3,0,,
401949903,129,False,1593,4,0,26,2013-11-27,,3,3,0,,
402352777,128,True,2310,1,0,21,2013-11-28,,3,12,0,,
402392440,1,True,1920,1,0,103,2013-11-28,,11,6,0,,
402538725,128,False,3092,1,0,98,2013-11-28,,5,7,0,,
402613827,130,True,2362,1,0,55,2013-11-28,,8,3,0,,
402671743,0,False,2573,1,0,98,2013-11-28,,8,8,0,,
402737248,129,True,1801,1,0,51,2013-11-28,,1,10,0,,
404072360,132,True,2064,1,0,51,2013-11-29,,7,10,0,,
404098849,129,True,2387,1,0,51,2013-11-29,,6,5,0,,
406688435,0,True,2144,1,0,86,2013-12-01,,11,6,0,,
406722023,0,False,2887,1,0,21,2013-12-01,,5,5,0,,
406757410,1,False,3082,1,0,2,2013-12-01,,7,9,0,,
407926927,128,True,2681,1,0,93,2013-12-03,,8,10,0,,
407950078,131,True,1749,1,0,86,2013-12-03,,9,12,0,,
407966236,1,False,1809,4,0,88,2013-12-03,,3,7,0,,
408742446,1,True,1640,1,0,98,2013-12-03,,9,2,0,,
408792195,128,True,2669,3,0,64,2013-12-03,,9,6,0,,
408823558,2,True,2813,1,0,51,2013-12-03,,17,5,0,,
408897270,128,True,1864,1,0,32,2013-12-04,,9,3,0,,
408911002,130,False,1367,1,0,25,2013-12-04,,8,1,0,,
409634389,131,True,1116,1,0,47,2013-12-04,,3,3,1,,
409663579,129,True,1813,1,0,103,2013-12-04,,1,9,0,,
409701390,1,False,2661,1,0,106,2013-12-04,,17,9,0,,
409752942,1,True,2771,4,0,42,2013-12-04,,5,6,0,,
409835280,131,True,2338,1,0,103,2013-12-04,,4,12,0,,
409890451,0,False,3095,1,0,28,2013-12-04,,8,7,0,,
409920217,0,False,1579,1,0,36,2013-12-04,,3,6,0,,
409934968,1,True,2318,5,0,45,2013-12-05,,4,7,0,,
409953941,2,True,2190,1,0,45,2013-12-05,,8,7,0,,
409989398,0,False,2445,1,0,15,2013-12-05,,1,9,0,,
410014124,0,False,1962,1,0,2,2013-12-05,,9,11,0,,
410032240,1,False,2540,1,0,17,2013-12-05,,9,8,0,,
410852559,0,True,1831,1,0,85,2013-12-05,,5,1,0,,
410883583,1,True,3294,1,0,2,2013-12-05,,6,13,0,,
410934994,131,True,2277,1,0,100,2013-12-05,,7,12,0,,
410964120,130,False,2335,1,0,70,2013-12-05,,10,7,0,,
411006893,1,False,3122,4,0,2,2013-12-05,,6,7,0,,
411033769,1,True,959,1,0,51,2013-12-06,,4,2,1,,
411056372,0,True,1857,1,0,90,2013-12-06,,3,0,0,,
411070833,131,False,2269,1,0,50,2013-12-06,,8,5,0,,
411143275,0,False,2542,1,0,40,2013-12-06,,5,11,0,,
411175033,128,True,3251,1,0,28,2013-12-06,,4,8,0,,
411856320,128,True,1463,3,0,86,2013-12-06,,3,3,0,,
411895720,132,True,1669,1,0,2,2013-12-06,,1,8,1,,
411940198,128,False,2306,1,0,87,2013-12-06,,10,6,0,,
412111418,1,False,1141,1,0,15,2013-12-06,,1,7,1,,
412134572,128,False,1492,1,0,70,2013-12-06,,15,1,0,,
412162483,0,True,2005,1,0,37,2013-12-06,,2,6,0,,
412195515,129,True,2395,1,0,50,2013-12-06,,4,9,0,,
412235551,1,False,1550,3,0,40,2013-12-07,,0,4,0,,
413329983,0,True,3256,4,0,4,2013-12-07,,28,5,0,,
413671453,0,True,2008,1,0,66,2013-12-08,,3,4,0,,
415065850,128,True,1702,1,0,99,2013-12-09,,2,7,0,,
415082085,0,False,1814,1,0,79,2013-12-09,,4,7,0,,
424096267,128,False,1674,1,7,90,2013-12-15,,2,2,0,,
424158133,3,True,1933,1,7,51,2013-12-15,,6,5,0,,
425665412,128,False,1948,1,7,89,2013-12-16,,2,2,0,,
427237461,130,True,1478,1,7,59,2013-12-17,,0,5,0,,
427256241,4,True,1978,1,7,51,2013-12-17,,4,6,0,,
427282079,3,True,1707,1,7,86,2013-12-17,,3,4,0,,
427307373,130,False,2279,1,7,98,2013-12-17,,9,7,0,,
427341384,128,True,1082,1,7,58,2013-12-17,,0,7,1,,
427351832,3,True,2381,1,7,40,2013-12-17,,9,9,0,,
427388535,132,True,1959,1,7,86,2013-12-17,,6,10,0,,
427564820,0,False,2570,1,0,44,2013-12-17,,21,7,0,,
427623079,128,False,1768,1,0,44,2013-12-17,,9,2,0,,
429011877,0,False,2016,1,0,44,2013-12-18,,2,8,0,,
429051366,128,False,806,1,0,51,2013-12-18,,4,1,0,,
429084378,3,False,1958,1,7,98,2013-12-18,,3,6,0,,
429124323,3,False,2516,1,7,86,2013-12-18,,5,9,0,,
429992746,3,True,2445,1,7,98,2013-12-19,,11,7,0,,
430406133,128,True,2199,1,7,98,2013-12-19,,9,6,0,,
430453963,0,True,2229,1,0,93,2013-12-19,,9,7,0,,
430528881,0,True,1993,1,0,93,2013-12-19,,14,3,0,,
431320907,128,False,1089,1,0,98,2013-12-19,,9,2,0,,
431388226,3,True,2096,1,7,98,2013-12-20,,17,2,0,,
431413969,0,False,1940,1,0,93,2013-12-20,,9,9,0,,
431463963,129,False,2235,1,0,86,2013-12-20,,6,3,0,,
431489201,132,True,2491,1,7,51,2013-12-20,,3,10,0,,
431521236,4,False,2531,1,7,98,2013-12-20,,6,7,0,,
431554999,0,False,2997,1,7,86,2013-12-20,,3,11,0,,
431600686,129,True,2431,1,7,71,2013-12-20,,2,11,0,,
431640382,130,True,2819,1,7,3,2013-12-20,,4,10,0,,
431689039,3,True,2220,1,7,7,2013-12-20,,3,6,0,,
431734085,0,True,1744,1,7,28,2013-12-20,,12,2,0,,
431770629,128,False,2407,1,7,45,2013-12-20,,2,5,0,,
431830356,3,True,2192,1,7,86,2013-12-20,,2,7,0,,
431889441,0,False,2248,1,7,98,2013-12-20,,6,7,0,,
432671942,1,True,1583,4,0,88,2013-12-20,,6,2,0,,
432716092,129,False,2196,4,0,4,2013-12-20,,6,4,0,,
432773891,2,True,1612,1,7,55,2013-12-20,,6,2,0,,
432893276,132,False,2153,1,7,86,2013-12-21,,2,5,0,,
432929686,1,True,1714,1,7,62,2013-12-21,,6,1,0,,
433025845,0,False,1350,1,7,79,2013-12-21,,2,8,0,,
433050326,2,False,2275,1,7,21,2013-12-21,,2,4,0,,
433090303,1,True,2000,1,7,89,2013-12-21,,0,3,0,,
433129581,128,True,1016,1,7,93,2013-12-21,,3,2,1,,
433152570,132,False,3564,1,7,86,2013-12-21,,5,13,0,,
433511474,2,False,1225,1,7,17,2013-12-21,,4,8,0,,
433552772,128,False,2604,1,7,21,2013-12-21,,7,1,0,,
434740275,131,False,2080,1,7,55,2013-12-22,,3,5,0,,
434773243,132,False,1735,1,7,86,2013-12-22,,1,4,0,,
434806229,128,False,2033,1,7,51,2013-12-22,,5,7,0,,
435575130,2,True,1740,1,0,78,2013-12-22,,8,3,0,,
436301995,0,True,1923,1,7,86,2013-12-23,,6,2,0,,
436447655,0,True,1268,1,0,17,2013-12-23,,4,2,0,,
436468848,2,False,2441,1,0,44,2013-12-23,,2,6,0,,
436508394,131,True,1900,1,0,41,2013-12-23,,7,6,0,,
436720252,0,True,1518,1,0,93,2013-12-23,,14,3,0,,
436781426,2,True,2265,1,0,29,2013-12-23,,5,6,0,,
437703765,0,True,2150,1,7,88,2013-12-24,,7,2,0,,
437727876,2,True,2171,1,7,93,2013-12-24,,14,4,0,,
437816292,1,False,1465,1,0,97,2013-12-24,,4,5,0,,
437837461,129,False,1521,1,0,81,2013-12-24,,13,7,0,,
437861168,3,True,2171,1,0,83,2013-12-24,,2,3,0,,
438193549,3,True,1564,1,7,86,2013-12-24,,0,3,0,,
438235310,128,True,1765,1,7,87,2013-12-24,,0,7,0,,
438298197,1,True,2314,1,7,93,2013-12-24,,7,2,0,,
438787330,3,True,2068,1,7,93,2013-12-24,,9,4,0,,
439321170,1,True,1469,1,7,2,2013-12-25,,2,3,0,,
439347209,2,False,1533,1,7,96,2013-12-25,,5,4,0,,
439374371,130,True,2805,1,7,73,2013-12-25,,2,13,0,,
439420648,1,True,2208,1,7,18,2013-12-25,,2,6,0,,
439463030,2,False,2480,1,7,30,2013-12-25,,5,9,0,,
439511840,129,True,1987,1,7,86,2013-12-25,,1,2,0,,
440326472,3,True,3071,1,7,21,2013-12-25,,1,6,0,,
440360840,2,False,1653,1,7,93,2013-12-26,,9,7,0,,
440378734,1,True,2634,1,7,1,2013-12-26,,9,5,0,,
440409134,3,False,2703,1,7,106,2013-12-26,,16,12,0,,
440440107,0,False,1863,1,7,5,2013-12-26,,1,10,0,,
440472482,128,True,1478,1,7,68,2013-12-26,,4,4,0,,
440486983,130,True,3013,1,7,86,2013-12-26,,4,9,0,,
440510124,131,True,2542,1,7,2,2013-12-26,,18,10,0,,
440528444,131,False,2308,1,7,31,2013-12-26,,0,9,0,,
440551129,131,True,2020,1,7,86,2013-12-26,,1,6,0,,
440568484,128,True,1110,1,7,98,2013-12-26,,2,4,0,,
440581050,1,True,2132,1,7,36,2013-12-26,,7,5,0,,
440602585,128,True,1724,1,7,19,2013-12-26,,7,6,0,,
440623157,1,True,1937,1,7,84,2013-12-26,,0,5,0,,
440654263,128,True,2876,1,7,12,2013-12-26,,2,5,0,,
440692298,130,True,3107,1,7,16,2013-12-26,,1,12,0,,
441692468,129,False,1898,1,7,44,2013-12-27,,3,4,0,,
441728960,129,True,2393,1,7,87,2013-12-27,,1,7,0,,
441779073,130,True,1915,1,7,20,2013-12-27,,1,6,0,,
442858535,132,False,1492,1,7,31,2013-12-28,,7,0,0,,
442879324,131,False,2880,1,7,86,2013-12-28,,3,6,0,,
442912098,128,True,2505,1,7,86,2013-12-28,,2,8,0,,
442943984,4,False,2652,1,0,54,2013-12-28,,5,8,0,,
442978212,2,False,2288,1,0,55,2013-12-28,,2,3,0,,
443052300,1,True,2066,1,7,73,2013-12-28,,9,3,0,,
443088580,132,True,2447,1,7,5,2013-12-28,,7,9,0,,
443137241,132,False,2579,1,0,91,2013-12-28,,5,12,0,,
443354648,129,True,2237,1,7,77,2013-12-28,,1,5,0,,
443406452,4,False,2330,1,7,4,2013-12-28,,2,7,0,,
444428314,129,False,1722,1,7,21,2013-12-28,,2,3,0,,
444452556,2,True,2273,1,7,62,2013-12-29,,10,2,0,,
444837553,129,True,1295,1,7,99,2013-12-29,,1,6,0,,
444872766,129,True,2152,1,7,99,2013-12-29,,3,8,0,,
444952138,0,True,2266,1,7,31,2013-12-29,,6,3,0,,
445006842,3,False,2058,1,7,102,2013-12-29,,0,5,0,,
445062797,128,False,2470,1,7,86,2013-12-29,,2,6,0,,
445126649,2,False,2886,1,7,27,2013-12-29,,5,11,0,,
445209527,129,False,2168,1,7,98,2013-12-29,,11,6,0,,
445283866,129,True,1839,1,7,21,2013-12-29,,4,9,0,,
445348372,132,False,1801,1,7,7,2013-12-29,,5,7,0,,
445424354,0,True,2172,1,7,68,2013-12-29,,6,3,0,,
445488279,128,True,1281,1,7,36,2013-12-29,,2,5,0,,
445527011,2,False,2044,1,7,9,2013-12-29,,5,9,0,,
445586263,129,True,1011,1,7,16,2013-12-29,,1,4,0,,
445620511,130,True,1880,1,7,26,2013-12-29,,1,8,0,,
446209505,128,True,1411,1,7,93,2013-12-30,,7,6,0,,
446230651,1,True,1874,1,7,93,2013-12-30,,10,2,0,,
446261968,128,True,2965,1,7,93,2013-12-30,,7,4,0,,
446310982,0,True,659,1,7,93,2013-12-30,,1,0,0,,
446325655,132,False,1781,1,7,33,2013-12-30,,3,4,0,,
446363809,3,True,2741,1,7,93,2013-12-30,,16,8,0,,
446419134,131,False,1934,1,7,93,2013-12-30,,14,4,0,,
446526405,2,True,1744,1,7,93,2013-12-30,,18,3,0,,
446688315,130,False,2672,1,7,93,2013-12-30,,4,7,0,,
446778042,129,True,1920,1,7,63,2013-12-30,,1,5,0,,
446857346,0,False,1406,1,7,93,2013-12-30,,2,2,0,,
446911913,129,False,1721,1,7,98,2013-12-30,,9,5,0,,
446974365,2,True,1224,1,7,98,2013-12-30,,6,1,0,,
447019107,0,True,2389,1,7,93,2013-12-30,,12,4,0,,
447090048,131,True,1567,1,7,102,2013-12-30,,0,3,0,,
447165268,128,False,2073,1,7,86,2013-12-30,,6,5,0,,
447774327,0,True,1838,1,7,93,2013-12-31,,12,3,0,,
447803254,4,True,2035,1,0,93,2013-12-31,,6,2,0,,
447850597,128,False,2500,1,7,93,2013-12-31,,16,3,0,,
447977956,0,True,1430,1,0,98,2013-12-31,,17,4,0,,
448014839,128,False,1812,1,0,51,2013-12-31,,20,2,0,,
448062223,1,True,1906,1,7,98,2013-12-31,,4,5,0,,
448400724,1,True,1571,1,7,98,2013-12-31,,4,3,0,,
448450240,0,False,2034,1,7,93,2013-12-31,,5,7,0,,
448511298,1,True,381,1,7,86,2013-12-31,,1,0,0,,
448528759,1,False,1854,1,7,86,2013-12-31,,3,6,0,,
448612188,1,False,2201,1,7,93,2013-12-31,,7,5,0,,
448674205,0,False,1599,1,7,86,2013-12-31,,6,6,0,,
449301321,3,True,1973,1,7,98,2014-01-01,,14,3,0,,
449338307,4,False,2916,1,7,99,2014-01-01,,12,12,0,,
450010724,129,False,2300,1,0,98,2014-01-01,,11,4,0,,
450276839,129,False,2176,1,0,93,2014-01-01,,33,5,0,,
450390034,2,True,1758,1,7,93,2014-01-01,,5,6,0,,
450423758,128,False,3327,1,7,93,2014-01-01,,23,5,0,,
450472953,129,True,1884,1,7,98,2014-01-02,,4,6,0,,
450825085,2,True,1868,1,7,62,2014-01-02,,4,2,0,,
450862833,129,False,2385,1,7,98,2014-01-02,,12,6,0,,
451084129,128,True,1636,1,7,86,2014-01-02,,1,9,0,,
451152673,1,False,2259,1,7,86,2014-01-02,,3,8,0,,
451232181,130,False,3119,1,7,32,2014-01-02,,13,6,0,,
451444723,1,True,2241,1,7,16,2014-01-02,,7,7,0,,
451947058,1,True,1957,1,7,17,2014-01-02,,15,3,0,,
452590112,1,False,2712,1,7,93,2014-01-03,,7,4,0,,
452665922,1,False,2259,1,7,98,2014-01-03,,9,10,0,,
452773990,128,True,3180,1,7,40,2014-01-03,,2,11,0,,
452876304,1,True,2273,1,7,37,2014-01-03,,2,5,0,,
452954970,128,False,1971,1,7,13,2014-01-03,,3,3,0,,
453025737,3,True,1889,1,7,79,2014-01-03,,1,3,0,,
453099230,131,True,1931,1,7,21,2014-01-03,,4,6,0,,
453153609,130,False,2300,1,7,47,2014-01-03,,10,4,0,,
453216267,2,True,2334,1,7,98,2014-01-03,,16,5,0,,
453328862,4,True,1994,1,7,21,2014-01-03,,7,3,0,,
453412989,128,False,2381,1,7,87,2014-01-03,,6,5,0,,
453516687,1,False,2690,1,7,93,2014-01-04,,14,7,0,,
453556214,129,False,1962,1,0,95,2014-01-04,,2,4,0,,
453583079,4,True,1719,1,7,51,2014-01-04,,6,4,0,,
453604587,132,False,1482,1,7,98,2014-01-04,,13,2,0,,
453625639,4,True,2451,1,7,99,2014-01-04,,10,8,0,,
453660340,130,True,1839,1,7,21,2014-01-04,,1,7,0,,
454211922,129,True,1098,1,7,98,2014-01-04,,1,5,0,,
454253786,128,False,1603,1,7,17,2014-01-04,,6,3,0,,
454306711,129,False,1942,1,7,86,2014-01-04,,6,7,0,,
454728865,3,True,1971,1,7,51,2014-01-04,,4,5,0,,
454785049,4,True,1725,1,7,86,2014-01-04,,4,4,0,,
455076901,128,True,2163,1,7,21,2014-01-04,,6,10,0,,
455118705,129,True,2484,1,7,47,2014-01-05,,11,6,0,,
455156940,132,True,1857,1,7,58,2014-01-05,,1,7,0,,
455248240,130,True,1847,1,7,93,2014-01-05,,5,4,0,,
455275011,2,True,1952,1,7,93,2014-01-05,,10,7,0,,
456152365,128,False,2279,1,7,51,2014-01-05,,14,8,0,,
456225631,2,False,1526,1,7,51,2014-01-05,,4,7,0,,
456286575,2,True,2325,1,7,93,2014-01-05,,18,2,0,,
456386842,129,False,2176,1,7,93,2014-01-05,,8,6,0,,
456453236,128,False,2010,1,7,86,2014-01-05,,7,6,0,,
456523643,4,False,2729,1,7,51,2014-01-05,,2,9,0,,
456598633,3,True,1715,1,7,86,2014-01-05,,5,6,0,,
456665864,129,False,1930,1,7,98,2014-01-05,,5,8,0,,
456713604,0,True,2132,1,7,98,2014-01-05,,5,6,0,,
456902358,0,False,2674,1,0,17,2014-01-06,,16,7,0,,
458031484,130,False,3851,1,7,18,2014-01-06,,16,11,0,,
458205869,130,True,2253,1,7,98,2014-01-06,,10,9,0,,
458248892,0,True,2729,1,7,51,2014-01-06,,14,5,0,,
458294808,128,True,1791,1,7,40,2014-01-06,,1,7,0,,
458321256,128,True,3187,1,0,86,2014-01-07,,9,10,0,,
458398211,130,True,2970,1,0,98,2014-01-07,,11,9,0,,
459051734,3,False,2242,1,7,51,2014-01-07,,7,10,0,,
459112285,131,True,2139,1,7,98,2014-01-07,,13,8,0,,
459372654,1,False,2344,1,7,51,2014-01-07,,5,8,0,,
459428012,130,False,2852,1,7,93,2014-01-07,,15,5,0,,
459620560,0,False,1831,1,0,86,2014-01-08,,0,4,0,,
459718542,1,False,3773,1,0,17,2014-01-08,,20,7,0,,
459836845,0,False,2088,1,0,93,2014-01-08,,5,7,0,,
460548607,0,True,2703,3,0,62,2014-01-08,,7,3,0,,
460761854,4,True,2961,1,7,51,2014-01-08,,13,14,0,,
460883657,0,True,1880,1,7,93,2014-01-08,,8,2,0,,
461025566,131,True,2593,1,0,32,2014-01-09,,6,9,0,,
461212619,128,True,1706,1,0,23,2014-01-09,,1,9,0,,
461792704,128,False,2536,2,0,99,2014-01-09,,10,2,0,,
461934964,0,False,3202,1,0,23,2014-01-09,,20,7,0,,
462022106,128,True,2271,1,0,86,2014-01-09,,6,7,0,,
462082363,128,False,1991,1,0,53,2014-01-09,,3,7,0,,
462124725,128,False,2311,1,7,51,2014-01-09,,15,7,0,,
462247545,3,False,1855,1,7,93,2014-01-09,,0,6,0,,
462386052,130,False,2215,1,0,23,2014-01-10,,3,5,0,,
463246729,0,False,2551,1,0,18,2014-01-10,,1,7,0,,
463323676,1,True,2198,3,0,93,2014-01-10,,8,7,0,,
463677532,2,True,1853,1,7,17,2014-01-11,,10,4,0,,
463704055,130,False,742,1,7,93,2014-01-11,,10,0,0,,
463715187,130,False,1561,1,7,93,2014-01-11,,21,3,0,,
463734144,130,True,1698,1,7,86,2014-01-11,,1,7,0,,
465198830,131,False,2015,1,7,98,2014-01-12,,8,2,0,,
465332638,0,False,1900,1,7,51,2014-01-12,,3,5,0,,
465477529,0,False,3079,1,0,86,2014-01-12,,5,7,0,,
466775366,3,False,2344,1,0,17,2014-01-13,,12,5,0,,
466911876,131,False,1933,2,7,98,2014-01-13,,14,0,0,,
468016745,130,False,2303,1,7,99,2014-01-14,,22,3,0,,
469287422,3,True,2746,1,7,93,2014-01-15,,24,4,0,,
469327948,3,False,2454,1,7,51,2014-01-15,,10,10,0,,
469362132,4,True,2608,1,0,93,2014-01-15,,16,3,0,,
469396792,132,True,2985,2,7,98,2014-01-15,,9,4,0,,
470475117,4,True,1963,1,7,93,2014-01-16,,17,3,0,,
470497644,2,True,2883,1,7,51,2014-01-16,,11,8,0,,
470538487,0,False,1947,2,0,15,2014-01-16,,6,9,0,,
470564321,0,False,1956,1,0,86,2014-01-16,,5,9,0,,
470591162,128,True,1613,1,0,98,2014-01-16,,10,6,0,,
470614855,128,False,2161,1,0,9,2014-01-16,,8,3,0,,
471888037,2,False,2732,1,7,86,2014-01-17,,5,9,0,,
471926848,2,False,2207,1,0,86,2014-01-17,,3,9,0,,
471958446,132,False,2183,1,7,86,2014-01-17,,3,5,0,,
471990775,1,True,2090,1,7,98,2014-01-17,,10,3,0,,
472024614,130,True,3179,16,7,86,2014-01-17,,12,2,0,,
477563941,131,True,2564,16,7,70,2014-01-21,,2,10,0,,
477604338,128,False,1591,16,7,93,2014-01-21,,19,2,0,,
477626976,0,False,1847,16,7,97,2014-01-21,,11,9,0,,
477669168,2,False,1503,2,7,98,2014-01-21,,12,8,0,,
477699540,2,True,2069,16,7,15,2014-01-21,,17,7,0,,
477732858,131,True,2809,2,7,86,2014-01-21,,14,8,0,,
478910133,131,True,3159,16,7,98,2014-01-22,,23,8,0,,
478963158,131,True,1838,2,7,93,2014-01-22,,7,9,0,,
478996102,130,False,2118,16,7,11,2014-01-22,,22,2,0,,
479032155,2,True,2354,16,7,102,2014-01-22,,9,7,0,,
479070033,4,True,1761,1,7,19,2014-01-22,,10,3,0,,
479103315,130,True,2050,1,7,54,2014-01-22,,7,9,0,,
479137286,4,False,3074,1,7,3,2014-01-22,,6,11,0,,
480197514,4,False,1788,1,7,98,2014-01-23,,8,9,0,,
480216927,131,True,868,16,7,28,2014-01-23,,4,4,1,,
480229987,2,True,2052,1,7,54,2014-01-23,,12,4,0,,
480255785,3,True,2570,1,7,48,2014-01-23,,19,6,0,,
480289986,132,False,2092,2,7,51,2014-01-23,,13,6,0,,
480325247,2,True,2758,1,7,93,2014-01-23,,12,4,0,,
481623841,4,True,2400,1,7,99,2014-01-24,,12,3,0,,
481660826,132,True,2483,1,7,54,2014-01-24,,16,6,0,,
481701981,1,False,1270,1,7,98,2014-01-24,,5,3,0,,
481728013,0,True,3479,2,7,51,2014-01-24,,19,3,0,,
484540854,4,True,1743,2,7,45,2014-01-26,,2,2,0,,
484619991,130,True,1768,16,7,16,2014-01-26,,5,5,0,,
484648857,130,True,3676,2,7,98,2014-01-26,,21,14,0,,
484743354,4,True,1883,1,7,11,2014-01-26,,15,3,0,,
484809023,1,True,3004,1,7,18,2014-01-26,,7,9,0,,
484880623,3,False,3024,1,7,72,2014-01-26,,20,8,0,,
484951791,3,False,3019,16,7,27,2014-01-26,,5,12,0,,
486050650,129,True,1774,16,7,17,2014-01-27,,7,4,0,,
486071332,4,True,1108,16,7,51,2014-01-27,,2,1,0,,
486091986,1,False,2356,1,7,37,2014-01-27,,6,5,0,,
486121363,3,False,1852,1,7,89,2014-01-27,,1,5,0,,
488833360,3,False,1743,1,7,78,2014-01-29,,6,7,0,,
488854180,131,True,1809,1,7,86,2014-01-29,,5,3,0,,
488875453,3,True,2053,2,7,9,2014-01-29,,3,4,0,,
488902263,0,True,3188,16,7,62,2014-01-29,,6,5,0,,
488950326,2,True,2129,1,7,43,2014-01-29,,15,2,0,,
489043725,128,True,1750,1,7,93,2014-01-29,,8,9,0,,
489074388,128,False,3666,1,7,93,2014-01-29,,16,7,1,,
489156820,128,True,2682,1,7,51,2014-01-29,,9,8,0,,
489210868,0,True,2637,2,7,51,2014-01-29,,11,3,0,,
490909250,4,True,1098,1,7,86,2014-01-30,,3,3,0,,
508651846,4,False,2016,1,7,93,2014-02-07,,8,5,0,,
515690815,130,False,2186,1,7,86,2014-02-11,,0,5,0,,
515869670,1,False,1846,1,7,86,2014-02-11,,1,6,0,,
515895458,130,True,2543,1,7,31,2014-02-12,,5,10,0,,
515941720,129,False,2372,1,7,86,2014-02-12,,3,7,0,,
515990228,128,False,1902,1,7,98,2014-02-12,,9,3,0,,
516042543,128,False,2759,1,7,86,2014-02-12,,2,8,0,,
516097822,130,True,1802,1,7,51,2014-02-12,,1,6,0,,
516139372,128,False,1893,1,7,51,2014-02-12,,8,2,0,,
516180781,129,True,1614,1,7,99,2014-02-12,,2,4,0,,
516223049,128,False,2089,1,7,93,2014-02-12,,7,5,0,,
517579025,0,True,3626,1,7,62,2014-02-12,,16,13,0,,
518232126,0,False,2420,1,7,86,2014-02-13,,11,2,0,,
518285704,0,False,2561,1,7,51,2014-02-13,,11,6,0,,
518316723,129,True,2583,1,7,93,2014-02-13,,11,8,0,,
518353410,1,False,1934,1,7,73,2014-02-13,,1,7,0,,
519647338,1,False,2042,1,7,86,2014-02-14,,3,5,0,,
519694704,0,True,1541,1,0,17,2014-02-14,,7,3,0,,
519717334,128,False,2413,1,0,17,2014-02-14,,25,5,0,,
520532439,0,True,1685,1,7,17,2014-02-14,,9,0,0,,
520591317,129,True,2067,1,7,17,2014-02-14,,6,6,0,,
520666945,131,True,1480,1,7,98,2014-02-14,,5,3,0,,
520707152,129,False,2976,1,7,98,2014-02-14,,10,9,0,,
520778834,2,True,1492,1,7,83,2014-02-14,,0,0,0,,
520816085,131,False,1760,1,7,51,2014-02-14,,2,5,0,,
520855940,130,False,1852,1,7,27,2014-02-14,,1,6,0,,
521070883,130,False,960,1,7,86,2014-02-15,,0,1,0,,
521237681,132,False,2025,1,7,86,2014-02-15,,5,6,0,,
523457028,128,True,2849,1,7,51,2014-02-16,,5,13,0,,
523533078,1,False,1838,1,7,17,2014-02-16,,12,5,0,,
523586487,0,True,2751,1,7,98,2014-02-16,,9,5,0,,
523648505,129,True,2149,1,7,51,2014-02-16,,6,14,0,,
524926438,132,False,2713,1,7,98,2014-02-16,,6,11,0,,
525267967,129,True,3214,1,7,39,2014-02-16,,5,10,0,,
525368169,0,False,2306,1,7,62,2014-02-16,,6,6,0,,
525411644,1,False,678,1,7,48,2014-02-16,,0,4,0,,
525431995,0,True,2713,1,7,93,2014-02-17,,5,4,0,,
525475511,2,True,2258,1,7,51,2014-02-17,,14,4,0,,
525509332,1,True,1967,1,7,41,2014-02-17,,10,2,0,,
525566838,0,False,2899,1,7,93,2014-02-17,,9,8,0,,
526595859,0,False,2037,1,7,73,2014-02-17,,2,6,0,,
526646442,0,False,2493,1,7,98,2014-02-17,,10,9,0,,
527909138,130,False,1705,1,7,86,2014-02-18,,1,4,0,,
527953970,129,False,2570,1,7,29,2014-02-18,,3,4,0,,
528302537,0,True,1699,1,7,5,2014-02-19,,4,4,0,,
528343667,1,True,1980,1,7,51,2014-02-19,,6,4,0,,
528474305,132,False,1711,1,7,93,2014-02-19,,14,4,0,,
530161563,1,True,2344,1,7,32,2014-02-20,,14,3,0,,
532039649,0,True,1698,1,7,93,2014-02-21,,10,1,0,,
533165325,129,True,2396,1,7,51,2014-02-22,,11,6,0,,
534964369,1,True,1948,1,7,4,2014-02-23,,9,2,0,,
535102303,0,True,2248,1,7,93,2014-02-23,,19,3,0,,
536283140,128,True,2125,1,7,86,2014-02-23,,3,8,0,,
536743971,0,False,1702,1,7,4,2014-02-24,,3,4,0,,
536779330,128,True,2494,1,7,4,2014-02-24,,10,5,0,,
536836670,0,True,2064,1,7,98,2014-02-24,,1,5,0,,
536887250,129,True,2197,1,7,98,2014-02-24,,7,1,0,,
537112073,128,True,2106,1,7,86,2014-02-24,,4,6,0,,
537174872,1,True,2059,1,7,98,2014-02-24,,10,6,0,,
537233186,0,False,1856,1,7,51,2014-02-24,,4,5,0,,
537708529,1,True,2192,1,7,95,2014-02-25,,2,4,0,,
537728256,131,True,1781,1,7,86,2014-02-25,,2,7,0,,
537754764,128,True,1823,1,7,98,2014-02-25,,2,8,0,,
537777123,129,False,1731,1,7,86,2014-02-25,,9,5,0,,
537803380,4,True,2315,1,7,73,2014-02-25,,2,5,0,,
538972497,2,True,3601,1,7,86,2014-02-26,,4,7,0,,
539013104,130,False,1994,1,7,102,2014-02-26,,7,1,0,,
539039030,129,True,1683,1,7,86,2014-02-26,,1,7,0,,
539074738,129,False,2336,1,7,98,2014-02-26,,8,6,0,,
539105706,2,False,1035,1,7,86,2014-02-26,,4,3,1,,
540340167,129,False,3175,1,7,98,2014-02-27,,11,11,0,,
540437772,128,False,2047,1,7,86,2014-02-27,,4,7,0,,
541692304,2,False,2177,1,7,4,2014-02-28,,9,6,0,,
541731499,1,False,2038,1,7,93,2014-02-28,,6,6,2,,
541783727,128,False,1978,1,7,86,2014-02-28,,3,6,0,,
541903669,0,True,1870,1,7,93,2014-02-28,,16,2,0,,
542722475,0,False,2459,1,7,93,2014-02-28,,5,11,0,,
542774120,128,False,2369,1,7,93,2014-02-28,,10,2,0,,
542897274,129,False,3020,1,7,93,2014-02-28,,16,7,0,,
543237851,131,False,1739,2,7,51,2014-03-01,,1,3,0,,
544430971,128,False,2907,1,7,93,2014-03-01,,17,10,0,,
544884409,128,True,2175,1,7,98,2014-03-02,,5,8,0,,
547325443,128,True,2277,1,7,110,2014-03-03,,2,8,0,,
547425280,128,False,2694,1,7,93,2014-03-04,,12,6,0,,
547474106,1,False,2446,1,7,21,2014-03-04,,4,6,0,,
547498215,1,True,2188,1,7,42,2014-03-04,,11,6,0,,
547525902,129,False,1922,1,7,86,2014-03-04,,8,11,0,,
547558787,1,False,2440,2,7,48,2014-03-04,,9,5,0,,
548682025,128,True,2779,1,7,86,2014-03-05,,4,8,0,,
548747732,0,True,2219,1,7,98,2014-03-05,,10,5,0,,
549078172,0,True,1866,1,7,93,2014-03-05,,23,1,0,,
550109837,0,False,1987,1,7,98,2014-03-06,,6,6,0,,
550147231,1,False,1579,1,7,98,2014-03-06,,3,8,0,,
550174950,1,False,2028,1,7,93,2014-03-06,,5,8,0,,
551291172,1,False,2385,1,7,102,2014-03-07,,1,8,0,,
551312791,1,True,1586,1,7,98,2014-03-07,,10,3,0,,
551328921,128,True,1307,1,7,93,2014-03-07,,5,5,0,,
551344007,1,False,1985,1,7,93,2014-03-07,,3,6,0,,
551366832,0,False,2475,1,7,88,2014-03-07,,2,7,0,,
551411421,1,True,1331,1,7,99,2014-03-07,,4,0,0,,
551433120,4,True,2943,1,7,99,2014-03-07,,3,12,0,,
551479330,2,True,758,1,7,98,2014-03-07,,1,1,0,,
551496228,128,True,1417,1,7,42,2014-03-07,,1,3,0,,
551598226,3,False,2144,1,7,2,2014-03-07,,13,7,0,,
551645957,129,True,1918,1,7,54,2014-03-07,,4,7,0,,
551685707,3,True,2755,1,7,84,2014-03-07,,0,7,0,,
551926576,1,False,1108,1,7,86,2014-03-07,,0,3,0,,
551981873,0,False,2827,1,7,99,2014-03-07,,14,9,0,,
552921662,129,False,3362,1,7,103,2014-03-08,,7,5,0,,
552976035,4,False,2230,1,7,86,2014-03-08,,2,8,0,,
553017557,130,True,2238,1,7,86,2014-03-08,,1,11,0,,
553064518,129,True,1367,1,7,93,2014-03-08,,0,4,0,,
553098564,128,True,1677,1,7,17,2014-03-08,,9,4,0,,
553276228,1,True,3319,1,7,110,2014-03-08,,7,9,0,,
555044923,2,True,1552,1,7,17,2014-03-09,,10,2,0,,
555102472,130,True,2381,1,7,39,2014-03-09,,9,1,0,,
555174741,130,False,2763,1,7,93,2014-03-09,,5,4,0,,
555285170,0,False,1471,1,7,98,2014-03-09,,2,3,0,,
555351740,1,False,1902,1,7,17,2014-03-09,,10,6,0,,
555416063,129,True,1922,1,7,50,2014-03-09,,1,10,0,,
555605829,0,True,1490,1,7,96,2014-03-09,,5,1,0,,
555647731,3,True,1389,1,7,96,2014-03-09,,3,1,0,,
556587143,1,False,2963,1,7,96,2014-03-10,,5,9,0,,
557464776,1,True,1383,1,7,5,2014-03-11,,3,4,0,,
557798685,0,True,2218,1,7,110,2014-03-11,,11,2,0,,
558307508,128,False,2021,1,7,93,2014-03-11,,8,2,0,,
558686085,0,False,1572,1,7,110,2014-03-12,,6,7,0,,
558703474,128,True,1651,1,7,86,2014-03-12,,5,9,0,,
558724473,128,False,3315,1,7,21,2014-03-12,,8,8,0,,
559376852,128,False,3028,1,7,17,2014-03-12,,18,7,0,,
559988449,128,True,1828,1,7,17,2014-03-13,,4,4,0,,
560084123,129,False,3063,1,7,17,2014-03-13,,20,8,0,,
560121238,3,False,1624,1,7,20,2014-03-13,,2,7,0,,
560142730,131,True,2186,1,7,86,2014-03-13,,1,8,0,,
560171950,1,True,1822,1,7,57,2014-03-13,,1,1,0,,
561170570,3,True,1537,1,7,110,2014-03-14,,8,4,0,,
561836544,129,False,2378,1,7,93,2014-03-14,,17,3,0,,
562638119,3,True,2590,1,7,96,2014-03-15,,9,8,0,,
562708639,130,True,3345,1,7,110,2014-03-15,,20,10,0,,
562756738,130,False,2332,1,7,93,2014-03-15,,20,1,0,,
562796441,2,True,1625,1,7,98,2014-03-15,,13,3,0,,
563729687,4,True,1871,1,7,96,2014-03-15,,4,2,0,,
565284522,4,True,2058,1,7,93,2014-03-16,,7,3,0,,
565910714,132,True,1347,1,7,110,2014-03-17,,1,5,0,,
565925873,4,True,1818,1,7,110,2014-03-17,,6,3,0,,
565943449,4,True,1527,1,7,93,2014-03-17,,18,0,0,,
565958701,2,True,1753,1,7,98,2014-03-17,,9,3,0,,
565980606,2,False,2276,2,7,93,2014-03-17,,5,7,0,,
566032981,3,True,2442,1,7,98,2014-03-17,,9,7,0,,
566099850,131,True,1623,1,7,62,2014-03-17,,4,7,0,,
566126075,131,False,2986,1,7,86,2014-03-17,,6,11,0,,
567156829,0,True,1565,1,7,51,2014-03-18,,5,2,0,,
568513179,3,True,2124,1,7,98,2014-03-19,,6,3,0,,
568534440,131,True,2045,1,7,98,2014-03-19,,7,12,0,,
568553474,131,True,2862,1,7,68,2014-03-19,,1,11,0,,
571377619,129,True,2101,1,7,54,2014-03-21,,7,6,0,,
571403392,129,True,2779,1,7,93,2014-03-21,,11,8,0,,
571455354,2,True,1705,1,7,42,2014-03-21,,1,4,0,,
571484773,131,True,4176,1,7,110,2014-03-21,,20,13,0,,
572942765,129,True,2847,1,7,110,2014-03-22,,4,6,0,,
572990999,130,True,1916,1,7,88,2014-03-22,,11,8,0,,
573022548,3,True,2332,1,7,96,2014-03-22,,11,6,0,,
573061735,2,False,2177,1,7,2,2014-03-22,,11,9,0,,
573096644,2,False,1612,1,7,29,2014-03-22,,6,7,0,,
574843602,128,True,3211,1,0,65,2014-03-23,,11,8,0,,
574891579,3,True,1673,1,7,98,2014-03-23,,10,1,0,,
574921601,130,True,1821,1,7,110,2014-03-23,,4,6,0,,
574955843,132,False,2859,1,7,2,2014-03-23,,10,8,0,,
575008475,131,False,3084,1,7,93,2014-03-23,,10,6,0,,
576598414,4,True,2000,1,7,110,2014-03-24,,7,4,0,,
576619450,4,True,1750,1,7,110,2014-03-24,,8,4,0,,
576639286,4,True,2170,1,7,110,2014-03-24,,19,5,0,,
576671866,2,False,2640,1,7,93,2014-03-24,,10,8,0,,
576711786,130,False,2916,1,7,110,2014-03-24,,15,6,0,,
576755385,2,True,1746,1,7,93,2014-03-24,,17,1,0,,
576787056,130,True,2471,1,7,93,2014-03-24,,8,5,0,,
578263177,2,False,2065,1,7,44,2014-03-25,,5,9,0,,
582435312,2,False,2512,1,7,99,2014-03-27,,9,6,0,,
582465812,0,False,2177,1,7,51,2014-03-28,,5,5,0,,
589351775,132,False,2153,1,7,51,2014-04-01,,10,5,0,,
589374932,4,True,1693,1,7,51,2014-04-01,,5,2,0,,
589393402,129,False,2315,1,7,98,2014-04-01,,5,8,0,,
589423960,3,False,2891,1,7,55,2014-04-01,,2,8,0,,
589641948,128,False,2627,1,7,51,2014-04-01,,3,12,0,,
589686508,132,True,1010,1,7,86,2014-04-01,,0,3,0,,
589709987,4,True,3233,1,7,93,2014-04-01,,22,8,0,,
589825806,2,False,2718,1,7,98,2014-04-01,,12,6,0,,
590670889,4,True,1489,1,7,98,2014-04-02,,10,3,0,,
591040329,3,True,1749,1,7,110,2014-04-02,,9,5,0,,
600662269,4,True,1882,1,7,110,2014-04-08,,9,4,0,,
606666546,132,False,1099,1,7,110,2014-04-12,,7,0,0,,
606711377,4,True,1314,1,7,110,2014-04-12,,10,2,0,,
606768253,131,True,1691,1,7,98,2014-04-12,,4,7,0,,
616656199,129,True,1311,1,7,96,2014-04-19,,0,4,0,,
618362383,4,True,2003,1,7,96,2014-04-20,,7,5,0,,
618389918,1,True,2534,1,7,96,2014-04-20,,12,8,0,,
621706912,132,False,2178,1,7,98,2014-04-22,,17,2,0,,
621739063,1,False,1909,1,7,96,2014-04-22,,3,6,0,,
623111567,131,True,1900,1,7,110,2014-04-23,,8,8,0,,
623134667,131,False,3433,1,7,96,2014-04-23,,3,5,0,,
653835386,0,False,1862,1,0,70,2014-05-11,,2,10,0,,
653889301,129,False,2176,1,0,42,2014-05-11,,5,1,0,,
688186678,2,False,1619,1,0,88,2014-05-30,,5,5,0,,
688246299,129,False,1454,1,7,88,2014-05-30,,4,5,0,,
688275051,4,True,1841,1,7,93,2014-05-30,,11,3,0,,
704747472,129,False,2951,1,7,51,2014-06-07,,18,4,0,,
704808123,1,True,2136,1,7,51,2014-06-07,,12,2,0,,
704863212,129,False,2744,1,7,42,2014-06-07,,5,5,0,,
706914099,1,True,2470,1,7,51,2014-06-08,,15,5,0,,
706979013,1,False,1779,1,7,93,2014-06-08,,2,6,0,,
708824543,1,False,2743,1,7,51,2014-06-09,,9,10,0,,
708876639,129,True,1878,1,7,110,2014-06-09,,8,8,0,,
708914587,1,True,2339,1,7,17,2014-06-09,,19,2,0,,
710654157,1,True,2104,1,7,2,2014-06-10,,12,5,0,,
710690585,1,False,2139,1,7,99,2014-06-10,,16,6,0,,
710725771,129,False,1590,1,7,17,2014-06-10,,8,4,0,,
710757928,1,True,3930,1,7,4,2014-06-10,,25,8,0,,
710832363,129,False,1736,1,7,51,2014-06-10,,4,2,0,,
710873590,1,True,1482,1,7,29,2014-06-10,,6,5,0,,
710913200,129,True,1828,1,7,21,2014-06-10,,8,7,0,,
710965377,1,True,1761,1,7,2,2014-06-10,,16,3,0,,
712513506,129,True,2269,1,7,93,2014-06-11,,13,6,0,,
712546260,1,True,2152,1,7,44,2014-06-11,,26,2,0,,
712591723,129,False,1493,1,7,110,2014-06-11,,11,3,0,,
712614926,1,True,2246,1,7,2,2014-06-11,,14,5,0,,
712653341,1,False,2256,1,7,29,2014-06-11,,2,7,0,,
714428574,4,True,2954,1,7,93,2014-06-12,,18,7,0,,
714468782,132,False,2751,1,7,110,2014-06-12,,14,9,0,,
714508112,4,False,1938,1,7,86,2014-06-12,,2,5,0,,
714540382,132,True,2392,1,7,96,2014-06-12,,7,7,0,,
716444422,132,True,2154,1,7,110,2014-06-13,,10,10,0,,
716486043,4,False,1687,1,7,17,2014-06-13,,6,8,0,,
716524135,129,False,2213,1,0,93,2014-06-13,,22,3,0,,
716590026,3,True,3010,1,7,93,2014-06-13,,15,8,0,,
718548586,132,True,2648,1,7,93,2014-06-14,,11,7,0,,
720710511,0,False,1744,1,7,51,2014-06-15,,8,9,0,,
720769518,3,True,2574,1,7,88,2014-06-15,,12,4,0,,
720897670,132,False,2612,1,7,86,2014-06-15,,3,8,0,,
722383574,129,True,2538,1,7,2,2014-06-16,,9,8,0,,
722419295,1,False,3709,1,7,93,2014-06-16,,24,14,0,,
722474917,1,True,2780,1,7,51,2014-06-16,,16,3,0,,
722522680,3,False,1999,1,7,103,2014-06-16,,1,12,0,,
722569822,129,False,1749,1,7,42,2014-06-16,,5,5,0,,
724096222,129,True,2491,1,7,17,2014-06-17,,24,6,0,,
724127512,1,False,2180,1,7,98,2014-06-17,,6,9,0,,
724154376,1,False,1834,1,7,48,2014-06-17,,3,11,0,,
724184651,129,True,1903,1,7,93,2014-06-17,,11,8,0,,
724214073,1,True,1796,1,7,2,2014-06-17,,20,6,0,,
724242617,129,True,3086,1,7,77,2014-06-17,,10,9,0,,
724298523,129,True,2098,1,7,88,2014-06-17,,9,10,0,,
724346833,128,False,2496,1,7,69,2014-06-17,,6,9,0,,
724409603,2,False,2169,1,7,93,2014-06-17,,9,5,0,,
725939701,131,True,2705,1,7,93,2014-06-18,,8,9,0,,
725976280,131,False,1603,1,7,93,2014-06-18,,10,2,0,,
727785895,0,True,2286,1,7,93,2014-06-19,,15,7,0,,
727824365,128,False,2312,1,7,85,2014-06-19,,10,6,0,,
727868913,128,False,3623,1,7,59,2014-06-19,,12,19,0,,
729038447,4,True,1424,1,7,2,2014-06-19,,12,2,0,,
729134802,4,True,801,1,7,2,2014-06-19,,2,1,0,,
729177199,2,True,2202,1,7,51,2014-06-19,,11,5,0,,
730018635,129,True,3052,1,7,51,2014-06-20,,6,15,0,,
730068717,129,False,1981,1,7,55,2014-06-20,,8,2,0,,
730110838,1,True,1951,1,7,55,2014-06-20,,7,3,0,,
730173231,131,False,1741,1,7,15,2014-06-20,,9,2,0,,
730214740,3,False,2911,1,7,99,2014-06-20,,8,5,0,,
730530395,130,True,1896,1,7,29,2014-06-20,,8,8,0,,
730622334,130,True,1830,1,7,93,2014-06-20,,5,5,0,,
732085622,2,True,2041,1,7,44,2014-06-21,,11,3,0,,
732123171,128,True,2300,1,7,44,2014-06-21,,12,7,0,,
732163225,2,False,2380,1,7,86,2014-06-21,,3,11,0,,
732526077,129,False,2183,1,7,106,2014-06-21,,17,2,0,,
740294828,0,False,1694,1,7,98,2014-06-25,,8,6,0,,
740329792,0,True,2438,1,7,51,2014-06-25,,12,5,0,,
740420980,129,False,2471,1,7,29,2014-06-25,,5,2,0,,
740487181,3,True,1803,1,7,55,2014-06-25,,8,2,0,,
740549297,1,False,1453,1,7,2,2014-06-25,,1,4,4,,
740599320,1,True,1918,1,7,85,2014-06-25,,14,2,0,,
740661168,1,True,1643,1,7,41,2014-06-25,,4,2,0,,
742032582,132,False,1924,1,7,41,2014-06-26,,3,2,0,,
742064893,129,False,2485,1,7,1,2014-06-26,,15,3,0,,
757450144,132,True,2256,1,0,39,2014-07-04,,7,5,0,,
760621593,128,False,2666,1,7,39,2014-07-06,,16,3,0,,
764427965,128,True,2346,1,7,93,2014-07-08,,4,11,0,,
764465061,131,False,3030,1,7,2,2014-07-08,,17,12,0,,
769189088,132,True,1784,1,7,95,2014-07-10,,4,5,0,,
774813296,3,False,1751,2,7,96,2014-07-14,,6,5,0,,
774845701,131,False,3566,1,7,2,2014-07-14,,12,10,0,,
776690646,131,False,1167,2,7,47,2014-07-15,,10,2,0,,
776724921,131,True,2669,1,0,2,2014-07-15,,10,8,0,,
778357801,0,False,2585,16,7,44,2014-07-16,,13,9,0,,
780191156,3,True,936,16,0,41,2014-07-17,,4,0,0,,
780215462,2,True,2407,16,0,73,2014-07-17,,17,3,0,,
780267763,131,True,1835,16,0,2,2014-07-17,,9,9,0,,
780307691,131,False,2281,1,0,86,2014-07-17,,7,4,0,,
782093106,4,False,3733,2,7,41,2014-07-18,,20,5,0,,
798569894,2,True,2002,5,0,103,2014-07-26,,10,5,0,,
798634913,4,True,3445,5,0,89,2014-07-26,,17,4,0,,
798755983,132,False,2148,3,0,101,2014-07-26,,10,4,0,,
799157097,0,True,2131,3,0,62,2014-07-26,,10,6,0,,
799736310,4,False,3404,5,0,28,2014-07-27,,13,8,0,,
799789266,1,True,2587,5,0,11,2014-07-27,,15,8,0,,
801059225,2,True,2603,3,0,95,2014-07-27,,8,8,0,,
801163891,4,False,2456,5,0,70,2014-07-27,,14,6,0,,
801253350,0,False,2485,3,0,65,2014-07-27,,6,5,0,,
808175842,3,False,1603,4,0,62,2014-07-31,,5,7,1,,
808229713,4,False,2133,4,0,97,2014-07-31,,5,9,0,,
809836492,4,True,1835,12,0,94,2014-08-01,,15,1,0,,
810043476,1,True,2225,4,0,78,2014-08-01,,11,6,0,,
810112683,130,True,2864,4,0,51,2014-08-01,,8,12,0,,
810356011,132,True,1381,5,0,59,2014-08-01,,9,7,0,,
810467834,131,False,1782,1,0,15,2014-08-01,,20,3,0,,
810539045,129,True,1954,1,0,86,2014-08-01,,11,7,0,,
810619637,131,False,1356,1,0,95,2014-08-01,,1,3,0,,
810683186,4,True,2990,3,0,65,2014-08-01,,19,6,0,,
810886999,129,False,1695,4,0,95,2014-08-01,,2,4,0,,
810951299,131,True,1987,3,0,70,2014-08-01,,2,11,0,,
811024007,1,False,2793,4,0,93,2014-08-01,,19,7,0,,
813422241,130,False,1418,4,0,47,2014-08-03,,5,2,0,,
815469916,4,False,3066,3,0,42,2014-08-04,,11,7,0,,
816398668,130,True,2875,1,0,95,2014-08-04,,13,6,0,,
816659889,0,True,1459,4,0,18,2014-08-04,,5,0,0,,
816717977,0,True,1364,3,0,85,2014-08-04,,5,3,0,,
821019378,129,True,1806,5,0,23,2014-08-07,,3,7,0,,
821050561,130,False,2219,5,0,57,2014-08-07,,6,3,0,,
821085098,128,True,2657,3,0,98,2014-08-07,,15,8,0,,
822493190,0,False,2272,5,0,53,2014-08-07,,7,5,0,,
822567441,132,False,2968,1,0,98,2014-08-07,,10,5,0,,
921006006,3,True,3262,1,0,21,2014-09-26,,12,4,0,,
952840782,130,False,3038,1,0,98,2014-10-11,,30,7,0,,
952905561,2,True,3625,1,0,39,2014-10-11,,37,4,0,,
953063937,131,False,2237,1,0,110,2014-10-11,,19,10,0,,
1050606920,3,False,2379,22,7,69,2014-11-26,,4,13,0,,
1050675562,3,True,2267,22,7,110,2014-11-26,,19,3,0,,
1050742338,3,True,2738,22,7,110,2014-11-26,,8,6,0,,
1052542167,132,True,1457,22,7,55,2014-11-27,,1,3,0,,
1052582468,132,False,2703,22,7,41,2014-11-27,,11,7,0,,
1059409911,3,False,2389,1,0,44,2014-11-30,,4,7,0,,
1094541445,129,False,1821,1,0,44,2014-12-16,,13,4,0,,
1133902831,4,True,2511,1,0,25,2015-01-02,,9,8,0,,
1134049595,1,False,2821,1,0,56,2015-01-02,,1,12,0,,
1152620988,4,False,2830,22,0,110,2015-01-10,,23,9,0,,
1175647119,3,False,2267,22,7,95,2015-01-20,,6,11,0,,
1175704254,4,True,1638,22,7,95,2015-01-20,,5,3,0,,
1175748027,4,False,2019,22,7,43,2015-01-20,,2,6,0,,
1179316786,2,True,2361,22,7,110,2015-01-21,,16,9,0,,
1179358847,1,False,2207,22,7,62,2015-01-22,,9,6,0,,
1179394895,130,True,1764,22,7,71,2015-01-22,,2,11,0,,
1179425584,2,True,2866,22,7,95,2015-01-22,,14,5,0,,
1179471209,130,True,3027,22,7,3,2015-01-22,,4,16,0,,
1179734583,4,True,3287,1,0,42,2015-01-22,,5,11,0,,
1179813012,132,True,3829,1,0,21,2015-01-22,,10,14,0,,
1181487903,2,True,2138,22,7,15,2015-01-23,,18,1,0,,
1376096974,0,True,2673,1,0,7,2015-04-05,,9,6,0,,
1378162074,4,True,2621,22,7,72,2015-04-06,,7,7,0,,
1380486524,2,True,2235,22,7,4,2015-04-07,,13,6,0,,
1380549043,2,True,3378,22,7,32,2015-04-07,,18,7,0,,
1382718252,3,False,1690,22,7,40,2015-04-08,,3,8,0,,
1382770006,129,True,1859,22,7,59,2015-04-08,,12,10,0,,
1382823077,131,False,2799,22,7,56,2015-04-08,,18,12,0,,
1387302154,130,False,2380,1,0,56,2015-04-10,,7,6,0,,
1396848543,3,False,2125,22,7,56,2015-04-14,,8,7,0,,
1406087054,1,False,2868,2,7,26,2015-04-18,,4,14,0,,
1408649371,0,True,1570,2,7,9,2015-04-19,,0,2,0,,
1408735509,131,False,2064,2,7,110,2015-04-19,,10,3,0,,
1408866531,131,False,2410,2,7,41,2015-04-19,,9,6,0,,
1410906377,130,True,2951,2,7,2,2015-04-20,,4,11,0,,
1410965786,132,False,2591,2,7,7,2015-04-20,,4,6,0,,
1413137440,0,False,2040,2,7,25,2015-04-21,,4,6,0,,
1413191228,129,False,2036,2,7,51,2015-04-21,,12,4,0,,
1413257915,128,False,2160,22,7,91,2015-04-21,,2,9,0,,
1413316482,130,False,2217,2,7,12,2015-04-21,,5,5,0,,
1417252727,131,True,1926,22,7,98,2015-04-23,,2,12,0,,
1417305193,2,False,2255,22,7,56,2015-04-23,,8,9,0,,
1419201427,131,False,1998,1,0,1,2015-04-23,,15,3,0,,
1419252977,3,True,3539,1,0,56,2015-04-23,,11,9,0,,
1419369229,4,True,4861,1,0,54,2015-04-23,,17,11,0,,
1419511123,128,False,2235,2,7,1,2015-04-24,,15,3,0,,
1419552829,1,False,3177,2,7,110,2015-04-24,,6,8,0,,
1419615579,3,False,3173,2,7,110,2015-04-24,,5,10,0,,
1421635952,132,True,2344,22,7,44,2015-04-24,,6,10,0,,
1421772687,129,False,2557,22,7,44,2015-04-25,,9,8,0,,
1421890326,2,True,2238,1,0,8,2015-04-25,,6,5,0,,
1421989354,129,False,2684,2,7,36,2015-04-25,,8,5,0,,
1422071153,132,False,2344,2,7,69,2015-04-25,,6,0,0,,
1422159376,131,False,3267,2,7,62,2015-04-25,,5,5,0,,
1424359126,130,False,2072,22,7,12,2015-04-26,,14,6,0,,
1424399653,128,True,2226,22,7,44,2015-04-26,,6,8,0,,
1424584155,131,True,2906,22,7,2,2015-04-26,,4,7,0,,
1424667305,1,False,2158,2,7,60,2015-04-26,,3,1,0,,
1424749001,0,True,2733,22,7,12,2015-04-26,,19,5,0,,
1424850414,0,True,2199,22,7,72,2015-04-26,,5,5,0,,
1424953509,0,False,1567,22,7,29,2015-04-26,,11,3,0,,
1425031370,129,True,2577,1,0,100,2015-04-26,,3,12,0,,
1427190663,0,False,2074,22,7,12,2015-04-27,,0,4,0,,
1427247264,0,True,2938,22,7,97,2015-04-27,,3,6,0,,
1429041064,132,True,1938,22,7,12,2015-04-28,,6,9,0,,
1429094376,2,False,2733,22,7,2,2015-04-28,,5,13,0,,
1429165193,130,True,1835,22,7,60,2015-04-28,,0,13,0,,
1429504380,1,True,2240,1,0,93,2015-04-28,,19,5,0,,
1429609238,129,True,2118,1,0,32,2015-04-28,,4,10,0,,
1430881901,130,False,2988,22,7,71,2015-04-28,,10,5,0,,
1430943694,1,False,2693,22,7,32,2015-04-28,,18,9,0,,
1430987322,3,False,2493,22,7,77,2015-04-29,,12,9,0,,
1431132272,129,True,2302,22,7,2,2015-04-29,,5,11,0,,
1431194682,131,True,2154,22,7,32,2015-04-29,,4,9,0,,
1431244104,1,True,3316,1,0,93,2015-04-29,,18,4,0,,
1431332420,129,False,1622,22,7,32,2015-04-29,,12,1,0,,
1431373941,1,True,2349,22,7,2,2015-04-29,,24,5,0,,
1431449327,3,False,2748,1,0,110,2015-04-29,,6,13,0,,
1431522054,130,False,2825,1,0,93,2015-04-29,,29,4,0,,
1431606369,2,True,3067,1,0,32,2015-04-29,,23,7,0,,
1431700474,131,False,2242,1,0,8,2015-04-29,,9,9,0,,
1433180534,130,False,3087,22,7,81,2015-04-30,,23,7,0,,
1433229316,132,False,3243,22,7,67,2015-04-30,,15,8,0,,
1433277836,1,True,2651,22,7,32,2015-04-30,,13,5,0,,
1433401399,131,False,1862,2,7,16,2015-04-30,,4,5,0,,
1433457733,132,False,1945,2,7,110,2015-04-30,,17,2,0,,
1433547665,132,False,1755,2,7,55,2015-04-30,,8,4,0,,
1433607394,2,False,3365,2,7,32,2015-04-30,,25,9,0,,
1436101306,2,True,2272,22,7,32,2015-05-01,,16,8,0,,
1436644923,128,False,1001,2,7,55,2015-05-01,,19,2,0,,
1439138626,130,False,1825,22,7,98,2015-05-01,,22,3,0,,
1439218925,2,False,2913,22,7,36,2015-05-01,,7,7,0,,
1439722607,4,True,3349,22,7,55,2015-05-02,,2,2,0,,
1439852095,130,True,2272,2,7,32,2015-05-02,,9,9,0,,
1439959998,2,True,2467,2,7,93,2015-05-02,,11,2,0,,
1440091359,131,True,2791,2,7,29,2015-05-02,,15,4,0,,
1440265414,130,False,1725,2,7,51,2015-05-02,,5,5,0,,
1440394649,132,False,1567,2,7,44,2015-05-02,,12,0,0,,
1442898869,4,True,2163,1,0,73,2015-05-03,,5,2,0,,
1443037869,130,False,3215,2,7,12,2015-05-03,,26,6,0,,
1443145614,130,True,2628,2,7,54,2015-05-03,,9,6,0,,
1443247660,1,True,1336,2,7,52,2015-05-03,,4,0,0,,
1443362688,2,True,1824,2,7,93,2015-05-03,,12,3,0,,
1443485432,2,True,3718,2,7,67,2015-05-03,,22,6,0,,
1446117240,1,False,1882,22,7,15,2015-05-04,,8,3,0,,
1446220869,0,False,3193,22,7,39,2015-05-04,,12,5,0,,
1446336705,2,True,2142,22,7,21,2015-05-04,,22,5,0,,
1446713646,1,True,1866,22,7,48,2015-05-04,,11,1,0,,
1446824124,129,False,2352,22,7,2,2015-05-04,,14,4,0,,
1448718513,0,True,1932,22,7,88,2015-05-05,,4,4,0,,
1448800088,130,True,1915,22,7,61,2015-05-05,,4,9,0,,
1448865405,131,True,2278,22,7,73,2015-05-05,,0,9,0,,
1449290371,129,False,1844,22,7,18,2015-05-05,,10,1,0,,
1451207321,0,True,2162,22,7,9,2015-05-06,,7,5,0,,
1451311648,131,False,1729,22,7,91,2015-05-06,,0,6,0,,
1451552842,131,True,2502,22,7,43,2015-05-06,,6,10,0,,
1453613695,2,False,1480,22,7,57,2015-05-07,,3,6,0,,
1453725506,3,False,3713,22,7,77,2015-05-07,,9,10,0,,
1453833564,1,True,2665,22,7,85,2015-05-07,,6,7,0,,
1453985778,130,False,2778,22,7,52,2015-05-07,,10,8,0,,
1456259102,131,True,2150,22,7,1,2015-05-08,,4,4,0,,
1456356461,130,True,1783,22,7,62,2015-05-08,,7,8,0,,
1456437918,4,False,1353,22,7,99,2015-05-08,,7,4,1,,
1456494871,130,True,3212,22,7,23,2015-05-08,,11,9,0,,
1456633578,132,True,2222,22,7,20,2015-05-08,,1,8,0,,
1456745032,132,False,2090,22,7,18,2015-05-08,,15,4,0,,
1456861609,1,False,2143,22,7,45,2015-05-08,,7,9,0,,
1458856910,2,False,3582,22,7,45,2015-05-09,,10,9,0,,
1458992900,128,False,2597,1,0,28,2015-05-09,,11,6,0,,
1459105157,0,False,2257,22,7,8,2015-05-09,,12,9,0,,
1459207569,0,False,1732,22,7,87,2015-05-09,,3,2,0,,
1461480355,131,False,3205,22,7,18,2015-05-10,,9,11,0,,
1461576705,131,False,2039,22,7,6,2015-05-10,,9,2,0,,
1461770867,129,True,3244,22,7,86,2015-05-10,,4,7,0,,
1461901058,131,False,2615,22,7,98,2015-05-10,,13,9,0,,
1462165355,132,True,3097,22,7,37,2015-05-10,,12,8,0,,
1462329148,130,True,2816,22,7,83,2015-05-10,,2,5,0,,
1462469741,4,False,2363,22,7,67,2015-05-10,,12,8,0,,
1462801609,4,True,1995,22,7,86,2015-05-10,,9,3,0,,
1464692991,0,False,2305,22,7,93,2015-05-11,,6,11,0,,
1464787788,1,True,2701,22,7,6,2015-05-11,,11,4,0,,
1464910674,3,False,1568,22,7,27,2015-05-11,,4,7,0,,
1465005507,1,False,1246,22,7,55,2015-05-11,,0,1,0,,
1466640532,131,False,2102,22,7,26,2015-05-12,,3,4,0,,
1466806808,130,True,3361,22,7,63,2015-05-12,,15,11,0,,
1468945459,132,False,1424,22,7,81,2015-05-13,,5,1,0,,
1468974833,129,True,2665,22,7,40,2015-05-13,,11,13,0,,
1469031369,130,False,2263,22,7,28,2015-05-13,,12,3,0,,
1469087512,131,True,2681,22,7,27,2015-05-13,,6,10,0,,
1469151006,129,False,3123,22,7,102,2015-05-13,,3,12,0,,
1471200096,2,True,1797,22,7,44,2015-05-14,,7,3,0,,
1471233303,129,True,2184,22,7,10,2015-05-14,,4,9,0,,
1471273002,132,False,2040,22,7,104,2015-05-14,,11,7,0,,
1471308820,129,False,1773,22,7,32,2015-05-14,,3,3,0,,
1471345628,4,True,2538,22,7,41,2015-05-14,,13,4,0,,
1471436855,131,True,2424,22,7,44,2015-05-14,,4,8,0,,
1473722317,131,False,1855,22,7,41,2015-05-15,8,14,4,0,,
1473771860,131,False,2050,22,7,89,2015-05-15,8,12,0,0,,
1473863714,1,True,1803,22,7,87,2015-05-15,,6,4,0,,
1473905072,3,True,2398,22,7,84,2015-05-15,,3,3,0,,
1476410176,3,True,4446,22,7,22,2015-05-16,,15,12,0,,
1476540263,129,True,3349,22,7,15,2015-05-16,,11,4,0,,
1476665113,129,False,2021,22,7,70,2015-05-16,,9,6,0,,
1482048568,130,False,3097,22,7,51,2015-05-18,,14,7,0,,
1482154881,4,True,1613,22,7,88,2015-05-18,,9,0,0,,
1482206032,2,True,4082,1,0,17,2015-05-18,,32,10,0,,
1482293049,129,False,1796,1,0,60,2015-05-18,,7,2,0,,
1482357367,128,True,1845,2,7,2,2015-05-18,,5,8,0,,
1482422573,128,False,2242,2,7,6,2015-05-18,,12,4,0,,
1484524605,3,True,2184,22,7,51,2015-05-19,,13,4,0,,
1486778358,4,True,2111,22,7,62,2015-05-20,,2,5,0,,
1486884555,1,True,3068,22,7,55,2015-05-20,,6,7,0,,
1488531083,4,False,1959,22,7,73,2015-05-20,,1,7,0,,
1488602363,131,False,2626,22,7,15,2015-05-20,,16,8,0,,
1488699574,129,False,1598,1,0,63,2015-05-20,,17,2,0,,
1488799974,0,True,1942,22,7,6,2015-05-20,,6,5,0,,
1489115464,1,False,1825,22,7,1,2015-05-21,,5,3,0,,
1489320732,132,True,3246,22,7,86,2015-05-21,,12,6,0,,
1491493461,129,False,3007,1,0,2,2015-05-22,,25,6,0,,
1491546695,1,True,2921,1,0,38,2015-05-22,,15,7,0,,
1491628976,128,True,2541,2,7,73,2015-05-22,,2,6,0,,
1491703609,0,True,2509,2,7,6,2015-05-22,,3,3,0,,
1494069091,2,True,2783,22,7,71,2015-05-23,,4,9,0,,
1494136371,0,True,3158,22,7,50,2015-05-23,,8,3,0,,
1494317807,0,False,2366,2,7,6,2015-05-23,,1,6,0,,
1494419240,128,False,2449,2,7,30,2015-05-23,,5,10,0,,
1494528775,128,False,2059,2,7,86,2015-05-23,,4,3,0,,
1496276801,4,False,2912,2,7,110,2015-05-23,,7,7,0,,
1497021410,1,True,2417,22,7,104,2015-05-24,,10,4,0,,
1497109178,130,False,1906,22,7,112,2015-05-24,,4,3,0,,
1497185904,3,True,1623,22,7,72,2015-05-24,,12,1,0,,
1497284308,1,True,2543,22,7,7,2015-05-24,,13,6,0,,
1497396342,129,False,2147,22,7,19,2015-05-24,,8,4,0,,
1497502219,3,False,2451,22,7,73,2015-05-24,,6,6,0,,
1499739901,0,True,2006,2,7,87,2015-05-25,,3,2,0,,
1499809015,0,True,3026,2,7,44,2015-05-25,,14,2,0,,
1502088015,128,False,1675,22,7,70,2015-05-26,,10,3,0,,
1502137108,128,False,2078,22,7,32,2015-05-26,,12,2,0,,
1504351409,0,False,2022,1,0,91,2015-05-27,,4,8,0,,
1504399478,128,False,3415,2,7,87,2015-05-27,,4,11,0,,
1504494102,128,False,1913,2,7,7,2015-05-27,,6,5,0,,
1505681650,3,True,2857,1,0,112,2015-05-27,,5,4,0,,
1505823151,132,False,2655,1,0,91,2015-05-27,,2,10,0,,
1506911774,130,True,3488,22,7,91,2015-05-28,,7,7,0,,
1509178497,3,False,3005,22,7,16,2015-05-29,,6,12,0,,
1509277565,129,False,2350,2,7,51,2015-05-29,,11,6,0,,
1509362667,1,False,2659,22,7,86,2015-05-29,,4,9,0,,
1509466645,129,False,2492,22,7,1,2015-05-29,,15,6,0,,
1509580130,129,True,3432,22,7,54,2015-05-29,,13,6,0,,
1509712353,3,False,2425,22,7,73,2015-05-29,9,2,8,0,,
1512087353,3,False,2210,1,0,1,2015-05-30,,6,4,0,,
1512173330,128,True,2780,22,7,78,2015-05-30,,6,7,0,,
1512254720,3,True,1952,22,7,95,2015-05-30,,9,3,0,,
1512324347,130,False,2058,22,7,63,2015-05-30,,11,1,0,,
1512416041,0,False,2709,22,7,4,2015-05-30,,17,10,0,,
1512523130,2,False,2156,22,7,35,2015-05-30,,7,6,0,,
1512620180,0,False,2921,22,7,104,2015-05-30,,7,5,0,,
1512749709,128,True,6349,22,7,18,2015-05-30,,10,13,0,,
1515053249,129,False,2570,22,7,17,2015-05-31,,9,8,0,,
1515163228,0,False,2390,22,7,79,2015-05-31,,2,13,0,,
1515240697,0,False,2161,22,7,26,2015-05-31,,2,5,0,,
1515320498,3,False,2175,22,7,15,2015-05-31,,7,8,0,,
1515465533,128,False,2529,22,7,71,2015-05-31,,15,4,0,,
1515590563,0,False,2245,22,7,73,2015-05-31,,4,5,0,,
1515723588,2,True,1901,22,7,47,2015-05-31,,5,4,0,,
1520323323,129,True,2074,22,7,75,2015-06-02,,5,6,0,,
1520385748,1,False,2132,1,0,11,2015-06-02,,11,6,0,,
1520445539,1,True,2123,1,0,6,2015-06-02,,11,5,0,,
1520602030,0,True,1918,22,7,29,2015-06-02,,3,5,0,,
1520679521,130,False,3225,22,7,98,2015-06-02,,12,8,0,,
1520793296,128,False,4065,22,7,86,2015-06-02,,5,14,0,,
1522770524,130,True,2345,22,7,3,2015-06-03,,6,4,0,,
1522828591,1,True,2143,22,7,102,2015-06-03,,15,3,0,,
1523895154,1,False,2758,1,0,35,2015-06-03,,4,10,0,,
1524156212,130,True,1696,1,0,2,2015-06-03,,3,8,0,,
1524392255,130,False,2331,22,7,87,2015-06-03,,3,8,0,,
1525104449,1,True,1671,22,7,93,2015-06-04,,9,1,0,,
1525151792,132,True,3496,1,0,27,2015-06-04,,6,15,0,,
1525229081,4,True,2324,1,0,25,2015-06-04,,6,7,0,,
1525282851,132,True,2262,1,0,17,2015-06-04,,8,7,0,,
1525402451,130,False,3148,1,0,17,2015-06-04,,20,7,0,,
1526307878,129,True,2906,1,0,102,2015-06-04,,16,12,0,,
1527666957,131,False,1132,5,0,79,2015-06-05,,2,2,0,,
1527693302,128,True,2176,22,7,17,2015-06-05,,8,9,0,,
1529440547,4,True,2666,22,7,17,2015-06-05,,15,3,0,,
1529592202,132,False,2891,22,7,17,2015-06-05,,15,9,0,,
1530504287,2,True,4297,22,7,73,2015-06-06,,7,11,0,,
1530702857,131,False,2784,1,0,100,2015-06-06,,12,12,0,,
1533196583,2,True,2163,22,7,69,2015-06-07,,4,5,0,,
1533265783,4,False,3409,22,7,32,2015-06-07,,22,10,0,,
1534359663,130,False,1240,1,0,71,2015-06-07,,5,2,0,,
1534442768,130,False,1765,1,0,26,2015-06-07,,9,3,0,,
1538328225,4,True,892,1,0,1,2015-06-09,,3,0,0,,
1540656573,132,True,2945,22,7,32,2015-06-10,,14,7,0,,
1540704881,130,True,2340,22,7,98,2015-06-10,,6,8,0,,
1540746265,130,True,1974,22,7,104,2015-06-10,,2,7,0,,
1541014958,4,True,2475,22,7,104,2015-06-10,,9,2,0,,
1541095763,129,False,2150,22,7,100,2015-06-10,,8,2,0,,
1543326169,4,False,2811,22,7,32,2015-06-11,,13,8,0,,
1545725519,4,False,2698,22,7,55,2015-06-12,,8,9,0,,
1548270474,130,False,3459,22,7,32,2015-06-13,,23,7,0,,
1548557049,4,True,2378,22,7,104,2015-06-13,,8,4,0,,
1548659125,132,False,1873,22,7,100,2015-06-13,,3,4,0,,
1550874884,129,True,2014,22,7,104,2015-06-14,,4,8,0,,
1551048258,4,False,3388,1,0,104,2015-06-14,10,10,11,0,,
1551155222,129,False,2241,1,0,42,2015-06-14,,15,4,0,,
1555844559,2,True,1962,22,7,91,2015-06-16,,2,7,0,,
1555902794,2,False,2219,22,7,112,2015-06-16,,3,8,0,,
1557940696,130,False,1630,22,7,104,2015-06-17,,13,3,0,,
1560361525,3,True,2213,22,7,104,2015-06-18,,9,3,0,,
1560427558,131,False,3037,22,7,32,2015-06-18,,15,4,0,,
1560499280,1,False,1926,22,7,104,2015-06-18,,4,12,0,,
1560576138,3,True,3936,22,7,60,2015-06-18,,9,9,0,,
1563449395,2,True,3248,22,7,25,2015-06-19,,11,10,0,,
1563527922,1,True,2760,22,7,14,2015-06-19,,7,7,0,,
1566288021,0,True,2747,1,0,110,2015-06-20,,8,7,0,,
1630741512,130,True,2985,1,0,21,2015-07-13,,5,7,0,,
1661222339,128,False,3181,1,0,2,2015-07-26,,11,7,0,,
1736000959,1,False,718,22,7,98,2015-08-22,,2,6,1,,
1736041405,1,False,1593,22,7,86,2015-08-22,,0,5,0,,
1736104908,2,True,3068,22,7,26,2015-08-22,,4,5,0,,
1796681022,4,True,2946,22,7,104,2015-09-16,,5,13,0,,
1800967636,1,True,2410,1,0,1,2015-09-18,,20,3,0,,
1803202090,129,False,2790,1,0,17,2015-09-19,,22,10,0,,
1803268688,1,False,2778,1,0,32,2015-09-19,12,21,11,0,,
1817358180,129,True,1405,22,7,104,2015-09-25,13,3,7,0,,
1817384147,1,True,1761,22,7,86,2015-09-25,13,11,5,0,,
1817406220,132,False,1924,22,7,32,2015-09-25,,7,6,0,,
1817433535,3,True,420,22,7,86,2015-09-25,,0,0,0,,
1817446419,132,True,2144,22,7,32,2015-09-25,13,8,9,0,,
1817483200,131,False,2481,22,7,32,2015-09-25,,11,11,0,,
1820123372,1,False,2646,22,7,88,2015-09-26,13,3,13,0,,
1820211245,0,False,2208,22,7,86,2015-09-26,13,1,15,0,,
1822753059,130,False,2340,22,7,44,2015-09-27,13,8,5,0,,
1822826857,3,True,2394,22,7,88,2015-09-27,13,6,8,0,,
1822961624,3,True,1785,22,7,37,2015-09-27,,3,5,0,,
1825594998,3,True,2215,1,0,28,2015-09-28,,11,2,0,,
1832966842,2,True,2823,22,7,28,2015-10-01,13,5,11,0,,
1833018995,131,False,2882,1,0,81,2015-10-01,,12,12,0,,
1835305368,0,False,2245,22,7,44,2015-10-01,,0,9,0,,
1835374064,4,False,1407,22,7,98,2015-10-01,,3,7,0,,
1835412734,130,False,3524,22,7,55,2015-10-01,,6,11,0,,
1835585944,132,False,2109,1,0,104,2015-10-02,,20,6,0,,
1835625807,132,True,3997,1,0,88,2015-10-02,,16,8,0,,
1835714743,128,True,1807,1,0,44,2015-10-02,,2,6,0,,
1835771875,1,False,2921,22,7,63,2015-10-02,,7,7,0,,
1835858740,131,False,2523,22,7,104,2015-10-02,13,11,8,0,,
1838344771,130,False,1156,22,7,8,2015-10-03,13,7,4,0,,
1838366274,131,True,1438,22,7,104,2015-10-03,13,1,6,0,,
1838385632,0,False,1854,22,7,85,2015-10-03,13,4,10,0,,
1838416558,128,True,2044,22,7,67,2015-10-03,,7,5,0,,
1838476640,128,True,1794,22,7,8,2015-10-03,,7,9,1,,
1838527919,128,True,3100,1,0,42,2015-10-03,,13,8,0,,
1838592626,3,True,3109,22,7,8,2015-10-03,13,13,13,0,,
1838682430,128,True,2034,22,7,93,2015-10-03,,16,12,0,,
1846018864,128,True,2403,1,0,28,2015-10-06,13,4,9,0,,
1846075905,128,True,2446,1,0,104,2015-10-06,,11,10,0,,
1846137507,128,False,2904,1,0,17,2015-10-06,,12,7,0,,
1848409079,128,False,3385,22,7,104,2015-10-07,13,13,9,0,,
1850671483,132,True,2250,1,0,86,2015-10-08,,3,12,0,,
1850706732,4,False,3027,1,0,101,2015-10-08,13,11,8,0,,
1852922483,129,False,2970,1,0,54,2015-10-09,,6,5,0,,
1852970242,130,False,3111,1,0,73,2015-10-09,,21,7,0,,
1853023835,128,True,3009,1,0,73,2015-10-09,13,16,12,0,,
1853079668,3,False,1245,22,7,86,2015-10-09,13,3,3,0,,
1855578024,1,False,1816,22,7,86,2015-10-10,13,4,8,0,,
1855652784,1,True,1687,22,7,8,2015-10-10,,6,9,0,,
1862827154,2,False,3452,1,0,8,2015-10-13,,14,7,0,,
1869124889,1,True,2205,1,0,104,2015-10-16,,5,4,0,,
1869262924,3,True,2847,1,0,51,2015-10-16,,12,4,0,,
1869311947,131,False,3331,1,0,73,2015-10-16,,15,6,0,,
1869379337,1,False,2548,1,0,28,2015-10-16,,1,10,0,,
1869456837,132,False,3062,1,0,98,2015-10-16,13,25,7,0,,
1871799231,132,True,2137,1,0,110,2015-10-17,,9,11,0,,
1871859937,4,True,1698,1,0,104,2015-10-17,,12,4,0,,
1871915743,132,True,3140,1,0,73,2015-10-17,,2,11,0,,
1874211497,129,False,2049,1,0,69,2015-10-18,13,18,6,0,,
1874251053,129,False,2904,1,0,95,2015-10-18,,15,8,0,,
1885231193,129,True,1529,22,7,98,2015-10-23,,3,5,0,,
1885265631,4,False,701,22,7,8,2015-10-23,13,0,2,0,,
1885286002,129,False,2092,1,0,28,2015-10-23,,9,8,0,,
1885327904,129,False,1939,1,0,36,2015-10-23,,9,1,0,,
1885371650,129,False,3441,1,0,104,2015-10-23,,16,9,0,,
1887522776,1,True,1461,22,7,23,2015-10-24,13,3,2,0,,
1887562172,1,False,1550,22,7,23,2015-10-24,,1,3,0,,
1887602023,0,True,2118,22,7,23,2015-10-24,13,3,3,0,,
1887677055,4,True,2253,1,0,23,2015-10-24,,7,7,0,,
1887739507,4,True,2435,1,0,73,2015-10-24,,11,3,0,,
1887815374,131,True,3545,1,0,40,2015-10-24,,10,11,0,,
1890210674,3,True,3251,1,0,8,2015-10-25,,11,7,0,,
1890363949,130,False,3837,1,0,58,2015-10-25,,15,4,0,,
1898911114,131,True,2221,22,7,99,2015-10-28,,9,3,0,,
1898972759,4,False,2029,22,7,104,2015-10-28,,7,8,0,,
1899072272,1,False,2763,22,7,51,2015-10-28,,13,11,0,,
1900534798,129,False,2154,22,7,100,2015-10-29,,8,11,0,,
1900657345,129,False,2843,22,7,110,2015-10-29,,4,10,0,,
1900813169,1,True,2519,22,7,36,2015-10-29,,10,4,0,,
1900902405,3,True,3065,22,7,10,2015-10-29,,4,4,0,,
1901004801,131,True,1659,22,7,100,2015-10-29,,6,10,0,,
1901061958,129,True,1955,1,0,41,2015-10-29,,2,11,0,,
1901204150,3,True,1612,22,7,28,2015-10-30,,10,3,0,,
1901231427,4,False,2855,22,7,23,2015-10-30,,9,6,0,,
1901282878,1,False,1736,22,7,106,2015-10-30,,3,7,0,,
1901313972,1,True,2683,1,0,63,2015-10-30,13,14,7,0,,
1901460320,0,True,2066,22,7,28,2015-10-30,,7,8,0,,
1901511600,0,True,2022,1,0,36,2015-10-30,,21,4,0,,
1901618563,1,True,2918,1,0,8,2015-10-30,13,17,10,0,,
1903718220,130,False,2018,1,0,67,2015-10-31,,6,6,0,,
1903781395,2,True,1079,1,0,100,2015-10-31,,6,1,0,,
1903820281,4,True,876,22,7,47,2015-10-31,,3,5,0,,
1903857803,0,False,2154,22,7,39,2015-10-31,,10,7,0,,
1903939600,129,True,2530,1,0,73,2015-10-31,,2,10,0,,
1908286948,130,False,2610,1,0,65,2015-11-02,,12,4,0,,
1908328796,2,True,2538,1,0,42,2015-11-02,,17,5,0,,
1910554018,2,False,1913,1,0,67,2015-11-03,,10,9,0,,
1914941477,131,False,2998,22,7,67,2015-11-05,,7,8,0,,
1916631048,3,False,2452,22,7,69,2015-11-05,,7,12,0,,
1916703651,1,False,2847,22,7,110,2015-11-05,,17,12,0,,
1916778164,131,True,2286,22,7,63,2015-11-05,14,6,7,0,,
1916835577,129,False,2636,22,7,8,2015-11-05,,6,8,0,,
1916904663,130,True,1997,22,7,2,2015-11-05,,5,10,0,,
1917053981,131,False,2610,22,7,36,2015-11-06,,17,7,0,,
1917107303,1,True,1429,22,7,7,2015-11-06,,2,2,0,,
1917147907,129,False,3003,1,0,93,2015-11-06,,20,8,0,,
1919297105,3,False,3062,22,7,17,2015-11-07,,17,11,0,,
1919379797,130,True,1943,1,0,49,2015-11-07,14,0,7,0,,
1919455476,2,False,2509,1,0,23,2015-11-07,,11,11,0,,
1919527672,128,True,2711,1,0,98,2015-11-07,,9,8,0,,
1919610334,0,False,2194,1,0,86,2015-11-07,,6,11,0,,
1919683697,0,False,2603,1,0,6,2015-11-07,,4,7,0,,
1919782120,129,True,2372,22,7,51,2015-11-07,,4,12,0,,
1921493545,130,False,1992,22,7,8,2015-11-07,14,12,3,0,,
1921762465,132,True,2671,1,0,93,2015-11-08,,20,8,0,,
1922260082,131,False,2557,1,0,28,2015-11-08,,22,5,0,,
1924164994,2,False,2679,1,0,62,2015-11-09,,12,12,0,,
1924413045,131,False,2636,1,0,65,2015-11-09,,11,4,0,,
1924464479,3,True,2236,1,0,72,2015-11-09,,16,2,0,,
1928246293,3,True,2233,22,7,93,2015-11-11,,4,7,0,,
1928298432,128,False,1830,22,7,86,2015-11-11,14,0,5,0,,
1928342298,1,False,1325,1,0,89,2015-11-11,,1,2,4,,
1928372203,1,False,3000,1,0,67,2015-11-11,,10,13,0,,
1929948882,129,False,2227,22,7,32,2015-11-12,,20,4,0,,
1929982456,1,True,2050,22,7,51,2015-11-12,,8,4,0,,
1930027049,1,False,2357,1,0,54,2015-11-12,14,7,7,0,,
1930188762,129,True,1685,22,7,37,2015-11-12,,2,10,0,,
1930228962,128,True,1560,22,7,36,2015-11-12,,6,8,0,,
1930273257,0,False,1930,22,7,8,2015-11-12,,3,11,0,,
1931259990,132,False,2333,22,7,42,2015-11-12,,17,2,0,,
1931360630,0,True,2285,22,7,64,2015-11-12,,4,10,0,,
1931443123,130,True,1312,22,7,28,2015-11-12,,4,5,0,,
1931498981,128,True,2319,22,7,51,2015-11-12,,11,7,0,,
1931569518,4,True,2173,22,7,86,2015-11-12,,2,5,0,,
1931632172,4,False,2188,22,7,71,2015-11-12,15,5,11,0,,
1931685151,131,False,2577,22,7,32,2015-11-12,,12,4,0,,
1931753472,1,True,1871,22,7,32,2015-11-12,,10,6,0,,
1931795056,1,True,957,22,7,32,2015-11-12,,1,0,0,,
1931912948,131,False,2148,22,7,42,2015-11-13,15,6,6,0,,
1931946259,129,True,1434,22,7,85,2015-11-13,15,4,8,0,,
1932175838,130,True,2280,22,7,104,2015-11-13,,10,10,0,,
1932226731,129,False,2064,22,7,93,2015-11-13,,30,2,0,,
1932275932,1,False,3167,1,0,31,2015-11-13,,13,4,0,,
1933862102,131,True,2634,22,7,28,2015-11-14,,8,14,0,,
1933918433,132,False,2129,22,7,42,2015-11-14,15,12,5,0,,
1934189943,1,False,2584,22,7,28,2015-11-14,,4,6,0,,
1934278551,128,False,2206,22,7,8,2015-11-14,,8,3,0,,
1934386153,131,False,2327,22,7,42,2015-11-14,,12,5,0,,
1934485164,129,True,1961,22,7,64,2015-11-14,,1,6,0,,
1934571012,2,True,1803,22,7,63,2015-11-14,,7,2,0,,
1936300074,130,False,2896,22,7,63,2015-11-15,,13,6,0,,
1938591849,129,False,2673,1,0,86,2015-11-16,,9,8,0,,
1938946584,132,False,3373,1,0,75,2015-11-16,,12,8,0,,
1939039271,2,True,1448,1,0,7,2015-11-16,,0,2,0,,
1940722627,2,True,2831,22,7,36,2015-11-17,15,15,5,0,,
1940784895,4,True,2123,1,0,65,2015-11-17,,14,3,0,,
1942608098,2,False,2426,22,7,86,2015-11-18,15,1,11,0,,
1942661319,1,True,2374,22,7,42,2015-11-18,15,0,5,0,,
1942749019,130,False,2367,1,0,70,2015-11-18,,14,6,0,,
1942809000,132,False,3480,1,0,72,2015-11-18,,9,13,0,,
1942897377,132,False,2549,1,0,81,2015-11-18,,11,8,0,,
1944377990,130,False,2831,22,7,86,2015-11-19,,5,11,0,,
1944428888,4,True,1131,22,7,32,2015-11-19,,6,0,0,,
1946311160,130,True,1955,22,7,37,2015-11-19,,0,9,0,,
1946476326,132,False,1939,22,7,1,2015-11-20,15,7,1,0,,
1948277753,130,True,1438,22,7,50,2015-11-20,15,2,7,0,,
1948330915,4,False,2638,22,7,104,2015-11-20,,11,11,0,,
1948405396,2,False,2828,22,7,32,2015-11-20,,10,9,0,,
1948590142,1,False,2752,22,7,93,2015-11-21,,7,11,0,,
1948646378,132,False,2813,22,7,67,2015-11-21,,13,5,0,,
1948732829,128,False,4238,22,7,63,2015-11-21,,11,8,0,,
1951571389,132,True,3230,1,0,63,2015-11-22,,16,5,0,,
1951690569,128,False,2703,1,0,42,2015-11-22,,9,7,0,,
1953845060,132,True,2245,22,7,42,2015-11-23,,5,4,0,,
1953894003,132,False,1237,22,7,63,2015-11-23,,5,5,0,,
1954002982,130,False,2341,22,7,32,2015-11-23,15,5,4,0,,
1954057936,131,False,2214,22,7,95,2015-11-23,,2,7,0,,
1954114839,3,False,1724,22,7,42,2015-11-23,15,1,6,0,,
1954161529,130,True,2088,22,7,88,2015-11-23,15,6,8,0,,
1954254806,132,True,1727,22,7,63,2015-11-23,,3,4,0,,
1954315417,4,False,2633,22,7,73,2015-11-23,15,3,11,0,,
1956080123,131,True,1119,22,7,28,2015-11-24,,2,7,0,,
1956116122,132,False,1890,22,7,28,2015-11-24,,3,4,0,,
1956167714,0,False,2162,22,7,32,2015-11-24,,4,15,0,,
1956229412,0,True,1868,22,7,19,2015-11-24,,14,3,0,,
1956287090,130,False,1516,22,7,63,2015-11-24,,7,2,0,,
1956365403,131,False,1698,22,7,93,2015-11-24,,12,3,0,,
1958080272,4,False,4429,1,0,3,2015-11-25,,18,5,0,,
1958173089,131,False,2217,1,0,39,2015-11-25,,38,8,0,,
1958228352,4,True,2109,22,7,3,2015-11-25,,6,1,0,,
1958417300,2,True,3978,22,7,28,2015-11-25,,12,11,0,,
1959702141,3,True,2879,22,7,28,2015-11-25,,7,10,0,,
1959776804,2,True,1409,22,7,98,2015-11-25,,8,4,0,,
1959874421,0,True,1886,1,0,73,2015-11-25,,5,2,0,,
1959909193,0,False,2125,1,0,41,2015-11-26,,6,7,0,,
1959942281,0,False,2125,1,0,41,2015-11-26,,9,6,0,,
1959982643,2,True,2326,1,0,41,2015-11-26,,29,3,0,,
1960404237,3,False,2086,1,0,41,2015-11-26,,10,7,0,,
1960463758,3,False,1939,1,0,25,2015-11-26,,3,7,0,,
1960536245,4,True,3198,22,7,8,2015-11-26,,14,6,0,,
1964344767,132,True,1717,22,7,28,2015-11-28,,1,10,0,,
1964400007,131,True,2968,22,7,112,2015-11-28,,6,12,0,,
1964464026,132,False,2042,22,7,110,2015-11-28,,6,6,0,,
1964520575,4,False,2095,22,7,8,2015-11-28,,8,8,0,,
1964584858,0,True,2194,22,7,28,2015-11-28,,6,8,0,,
1964663009,2,True,1757,22,7,8,2015-11-28,,7,4,0,,
1964730022,129,True,2429,22,7,28,2015-11-28,,4,8,0,,
1964813546,1,True,930,22,7,55,2015-11-28,,2,1,0,,
1964865902,128,False,1899,22,7,67,2015-11-28,15,17,4,0,,
1964953891,0,True,2408,22,7,23,2015-11-28,15,10,3,0,,
1967318742,4,False,2732,22,7,44,2015-11-29,,6,9,0,,
1977002188,1,True,2745,22,7,102,2015-12-03,15,10,5,0,,
1977370111,132,True,1596,22,7,86,2015-12-03,,2,9,0,,
1977412835,4,True,1609,22,7,102,2015-12-03,,3,4,0,,
1977517309,132,False,2781,22,7,59,2015-12-03,,5,13,0,,
1977564100,130,False,2872,22,7,42,2015-12-04,,11,11,0,,
1977611547,132,False,2441,22,7,42,2015-12-04,,9,6,0,,
1979914121,130,False,2122,22,7,104,2015-12-05,,8,6,0,,
1989661289,128,True,2272,22,7,5,2015-12-09,15,5,8,0,,
1993803068,4,True,2133,22,7,104,2015-12-11,,14,2,0,,
1993852029,130,True,2794,22,7,97,2015-12-11,,7,11,0,,
2076924235,2,False,3032,22,7,54,2016-01-14,,12,5,0,,
2076992978,128,True,1657,22,7,77,2016-01-14,16,1,7,0,,
2078351267,4,False,2301,22,7,48,2016-01-14,,5,8,0,,
2078448007,3,False,2496,22,7,104,2016-01-14,,9,10,0,,
2078541243,4,False,1692,22,7,67,2016-01-14,,5,11,0,,
2078601932,1,False,2098,22,7,67,2016-01-14,,9,7,0,,
2078667167,1,False,2070,22,7,67,2016-01-14,,4,6,0,,
2090857557,129,True,1561,22,7,63,2016-01-20,,4,7,0,,
2097604252,1,False,1855,22,7,75,2016-01-22,,4,12,0,,
2097641797,129,True,2560,22,7,45,2016-01-23,,12,7,0,,
2097755848,0,False,1811,22,7,104,2016-01-23,16,5,4,0,,
2097794128,2,False,1023,22,7,42,2016-01-23,,0,2,0,,
2097825935,0,True,2519,22,7,8,2016-01-23,16,11,6,0,,
2097899704,2,True,3568,22,7,54,2016-01-23,16,3,9,0,,
2100597464,0,False,3372,22,7,6,2016-01-24,,8,13,0,,
2100702719,128,False,1781,22,7,8,2016-01-24,,12,4,0,,
2109672466,1,False,1439,22,7,36,2016-01-28,,7,5,0,,
2109722976,128,True,2357,22,7,31,2016-01-28,,7,10,0,,
2109799575,3,False,2595,3,7,17,2016-01-28,16,11,10,0,,
2111728443,3,True,2064,1,0,36,2016-01-29,,12,1,0,,
2111763738,2,True,2101,22,7,48,2016-01-29,,6,4,0,,
2111799664,3,True,3670,22,7,86,2016-01-29,,6,5,0,,
2111890332,3,False,2694,22,7,104,2016-01-29,,8,8,0,,
2111955829,130,True,2183,22,7,23,2016-01-29,,9,5,0,,
2112011967,130,False,2143,1,0,14,2016-01-29,,9,8,0,,
2114063605,4,True,2492,1,0,110,2016-01-29,,14,5,0,,
2114176856,3,True,3075,2,7,23,2016-01-30,16,8,6,0,,
2114248538,3,True,3540,22,7,55,2016-01-30,,6,7,0,,
2114315406,3,False,3834,2,7,8,2016-01-30,,15,9,0,,
2114484974,3,False,2293,22,7,6,2016-01-30,16,0,6,0,,
2114555027,3,True,1987,2,7,67,2016-01-30,,7,3,0,,
2114639424,3,False,4021,22,7,55,2016-01-30,16,8,7,0,,
2116903776,2,True,2517,1,0,86,2016-01-31,16,2,3,0,,
2116950751,2,False,2275,2,7,55,2016-01-31,,3,7,0,,
2117014641,130,False,2387,22,7,104,2016-01-31,,13,5,0,,
2117081805,130,False,3463,22,7,47,2016-01-31,,1,6,0,,
2119552944,132,False,2040,22,7,8,2016-02-01,,10,3,0,,
2121564340,131,True,3010,1,0,6,2016-02-01,16,13,9,0,,
2121768820,2,True,3028,22,7,110,2016-02-01,,7,8,0,,
2121827235,130,False,2305,22,7,86,2016-02-02,16,5,5,0,,
2121870327,3,False,1840,22,7,64,2016-02-02,,7,8,0,,
2124176208,131,True,1779,22,7,110,2016-02-03,,3,8,0,,
2124228558,131,True,3683,22,7,96,2016-02-03,,7,7,0,,
2124296767,3,False,3082,3,7,71,2016-02-03,,3,13,0,,
2124357349,131,True,2448,22,7,104,2016-02-03,,2,8,0,,
2124407871,3,True,3424,2,7,67,2016-02-03,,17,7,0,,
2126377044,4,False,1378,22,7,36,2016-02-04,,4,3,0,,
2126410028,131,False,2296,22,7,32,2016-02-04,,3,7,0,,
2126463232,1,True,1997,22,7,104,2016-02-04,,6,6,0,,
2126509975,3,True,1525,2,7,94,2016-02-04,,8,3,0,,
2126562878,3,False,1652,22,7,6,2016-02-04,,2,4,0,,
2126636181,1,False,2610,3,7,93,2016-02-04,,11,7,0,,
2128123419,129,False,2305,22,7,104,2016-02-04,,3,3,0,,
2128211468,132,True,2964,22,7,110,2016-02-04,,3,13,0,,
2128315722,128,False,2904,22,7,102,2016-02-04,,6,7,0,,
2128405049,3,False,3703,22,7,36,2016-02-04,,10,14,0,,
2128559738,131,True,2447,22,7,98,2016-02-05,,10,4,0,,
2128601442,1,False,1421,3,7,32,2016-02-05,,1,5,0,,
2128627188,1,False,2074,22,7,41,2016-02-05,,2,6,0,,
2128703520,1,False,2102,22,7,93,2016-02-05,,14,11,0,,
2128757039,1,True,3687,22,7,60,2016-02-05,,4,8,0,,
2128850321,1,False,2623,3,7,14,2016-02-05,,3,13,0,,
2128913724,1,False,3410,3,7,45,2016-02-05,,3,12,0,,
2129005338,1,True,2354,3,7,86,2016-02-05,,3,7,0,,
2131111324,4,True,1644,2,7,28,2016-02-06,,2,3,0,,
2131154938,4,True,2666,22,7,36,2016-02-06,,16,6,0,,
2131216148,132,True,3439,2,7,110,2016-02-06,,12,10,0,,
2131314249,4,True,1999,22,7,104,2016-02-06,,8,6,0,,
2131373258,4,True,3015,2,7,67,2016-02-06,,17,6,0,,
2131572029,131,True,2378,3,7,9,2016-02-06,,2,8,0,,
2136826632,131,True,1668,3,7,23,2016-02-08,,2,12,0,,
2136907250,1,True,2474,3,7,95,2016-02-08,,6,4,0,,
2139087369,4,True,2737,22,7,104,2016-02-09,,7,5,0,,
2139186141,131,True,2746,22,7,54,2016-02-09,,9,5,0,,
2140823506,132,False,2066,22,7,32,2016-02-10,,14,2,0,,
2140856999,132,False,1711,22,7,104,2016-02-10,,5,4,0,,
2140891401,131,True,945,22,7,93,2016-02-10,,3,2,0,,
2140941905,3,False,4216,3,7,98,2016-02-10,16,27,10,0,,
2141028040,3,True,3183,22,7,68,2016-02-10,,2,6,0,,
2141101706,3,False,2601,2,7,20,2016-02-10,,4,13,0,,
2143178445,1,True,4297,22,7,86,2016-02-11,,7,11,0,,
2143272332,1,False,1918,2,7,104,2016-02-11,,10,4,0,,
2143333314,129,False,2753,2,7,72,2016-02-11,,19,2,0,,
2143462044,2,False,2923,22,7,72,2016-02-11,,8,8,0,,
2143555974,1,False,1764,22,7,93,2016-02-11,,1,6,0,,
2143615983,2,False,2449,22,7,8,2016-02-11,,6,3,0,,
2143697267,4,True,2406,22,7,42,2016-02-11,,4,6,0,,
2143785509,1,False,1050,22,7,86,2016-02-11,,1,1,0,,
2143842315,128,True,1215,22,7,110,2016-02-11,16,2,4,0,,
2143893406,2,True,1139,22,7,104,2016-02-11,,3,2,0,,
2143944680,3,False,2049,22,7,12,2016-02-11,16,2,6,0,,
2144028321,128,False,2144,22,7,44,2016-02-11,,15,3,0,,
2144121983,131,False,2897,22,7,67,2016-02-11,16,15,5,0,,
2144970725,0,True,3343,22,7,67,2016-02-11,,19,7,0,,
2145082716,131,True,1418,22,7,41,2016-02-11,,0,3,0,,
2145132348,128,True,1843,22,7,63,2016-02-11,,3,6,0,,
2145185805,129,False,2473,22,7,104,2016-02-11,,11,7,0,,
2145243231,0,False,913,22,7,104,2016-02-11,,2,1,0,,
2145275385,131,True,2379,22,7,7,2016-02-11,16,2,10,0,,
2145393838,4,True,2863,22,7,63,2016-02-12,,9,7,0,,
2145460410,131,False,2334,22,7,28,2016-02-12,16,3,6,0,,
2146037014,3,True,2441,1,0,44,2016-02-12,16,17,2,0,,
2146128177,131,False,1555,1,0,18,2016-02-12,16,11,1,0,,
2146188086,131,True,1667,1,0,1,2016-02-12,,4,9,0,,
2146257153,2,False,2040,22,7,8,2016-02-12,,9,2,0,,
2147756744,131,False,1884,22,7,28,2016-02-13,16,4,4,0,,
2147797942,132,False,1739,22,7,86,2016-02-13,,3,1,0,,
2147966494,132,True,1690,22,7,88,2016-02-13,,3,12,0,,
2149853903,129,False,1685,22,7,88,2016-02-13,,6,5,0,,
2150012674,0,True,1985,22,7,69,2016-02-13,16,10,6,0,,
2150487568,132,True,3099,22,7,88,2016-02-14,,15,14,0,,
2150559397,129,False,2021,22,7,68,2016-02-14,,8,4,0,,
2150617319,0,False,1188,22,7,88,2016-02-14,,1,6,0,,
2150657130,130,False,2332,22,7,88,2016-02-14,16,4,4,0,,
2150770616,1,True,3426,22,7,69,2016-02-14,,7,9,0,,
2150888119,1,True,2390,22,7,88,2016-02-14,,4,2,0,,
2150984793,1,True,3638,22,7,104,2016-02-14,,4,12,0,,
2152623881,1,True,1474,22,7,88,2016-02-14,16,3,2,0,,
2152669219,129,True,1737,22,7,67,2016-02-14,16,4,2,0,,
2152718573,0,False,1701,22,7,93,2016-02-14,,7,6,0,,
2152756654,131,False,2239,22,7,55,2016-02-14,,10,5,0,,
2152802589,128,False,2727,22,7,67,2016-02-14,,11,2,0,,
2152929169,130,False,1943,22,7,18,2016-02-15,,3,1,0,,
2153145436,4,True,2457,22,7,1,2016-02-15,16,6,4,0,,
2153224652,130,False,2297,1,0,70,2016-02-15,,24,5,0,,
2154901950,3,True,2339,22,7,104,2016-02-15,16,17,4,0,,
2154973257,0,True,2129,22,7,104,2016-02-15,,8,4,0,,
2155472107,3,False,1563,22,7,8,2016-02-16,,2,5,0,,
2155525445,1,True,3090,22,7,69,2016-02-16,,4,8,0,,
2155792828,131,False,1828,2,7,104,2016-02-16,,14,1,0,,
2155909325,131,False,3188,22,7,102,2016-02-16,,3,6,0,,
2157292747,131,False,1412,22,7,104,2016-02-17,,10,3,0,,
2157321880,1,False,1621,22,7,104,2016-02-17,,3,5,0,,
2157354696,2,True,1243,22,7,63,2016-02-17,,4,0,0,,
2157382693,131,False,2127,22,7,57,2016-02-17,,1,2,0,,
2157463192,132,True,2745,1,0,56,2016-02-17,,18,6,0,,
2159066039,2,False,2312,22,7,88,2016-02-17,16,6,9,0,,
2159146033,129,False,2326,22,7,29,2016-02-17,,7,2,0,,
2159223429,132,False,3718,22,7,63,2016-02-17,,6,9,0,,
2159316061,128,True,1230,22,7,110,2016-02-17,,1,6,0,,
2159347643,2,False,1516,22,7,88,2016-02-17,16,2,9,0,,
2159381491,0,True,3263,22,7,86,2016-02-17,,5,12,0,,
2159509462,2,True,1708,22,7,88,2016-02-18,,2,0,0,,
2159539707,1,False,1925,22,7,104,2016-02-18,16,6,3,0,,
2159565540,128,True,1704,22,7,69,2016-02-18,,3,6,0,,
2159586807,2,True,2088,22,7,57,2016-02-18,,3,3,0,,
2159617124,129,False,2587,22,7,67,2016-02-18,,13,4,0,,
2159668327,4,True,2761,22,7,57,2016-02-18,,0,2,0,,
2159805247,4,True,2096,1,0,8,2016-02-18,,13,5,0,,
2161171057,131,False,1495,22,7,67,2016-02-18,,10,0,0,,
2161221939,129,True,2102,22,7,67,2016-02-18,,7,5,0,,
2161283921,129,False,1526,22,7,104,2016-02-18,,4,2,0,,
2161327216,2,True,2252,22,7,70,2016-02-18,,17,1,0,,
2161481847,130,True,1927,22,7,102,2016-02-19,,2,9,0,,
2161514932,0,True,2206,22,7,32,2016-02-19,16,4,4,0,,
2161553346,3,False,2507,22,7,8,2016-02-19,16,7,8,0,,
2161612203,3,True,1598,22,7,88,2016-02-19,,5,2,0,,
2161651287,131,False,2079,2,7,70,2016-02-19,16,14,2,0,,
2161712412,3,True,2816,22,7,63,2016-02-19,,11,4,0,,
2161793620,131,False,2543,4,0,2,2016-02-19,,10,5,0,,
2164089418,129,False,2050,22,7,54,2016-02-20,,8,1,0,,
2164163498,3,False,1811,22,7,32,2016-02-20,,0,8,0,,
2164225544,130,True,2788,2,7,28,2016-02-20,,0,13,0,,
2164327055,2,True,2984,22,7,67,2016-02-20,,13,6,0,,
2164444245,130,False,4101,22,7,32,2016-02-20,,11,6,0,,
2164619103,4,True,1084,3,7,86,2016-02-20,,1,4,0,,
2164677150,4,False,2366,22,7,71,2016-02-20,,6,11,0,,
2164791655,4,True,2854,2,7,28,2016-02-20,,4,9,0,,
2166657430,3,True,2316,22,7,104,2016-02-21,16,15,7,0,,
2166710281,131,True,1471,22,7,104,2016-02-21,,3,8,0,,
2166754275,0,False,1909,22,7,67,2016-02-21,,4,5,0,,
2166958066,128,False,3721,22,7,32,2016-02-21,,8,5,0,,
2167098959,3,False,2016,22,7,32,2016-02-21,,4,5,0,,
2167193318,131,True,2130,22,7,104,2016-02-21,,5,6,0,,
2167315148,131,False,3502,2,7,72,2016-02-21,,24,6,0,,
2169573078,130,False,2228,22,7,86,2016-02-22,,6,5,0,,
2169743015,132,True,3541,1,0,32,2016-02-22,16,15,6,0,,
2171901949,130,True,3144,22,7,86,2016-02-23,16,9,10,0,,
2172025436,132,True,1324,22,7,63,2016-02-23,16,0,2,0,,
2172068908,0,True,5211,22,7,95,2016-02-23,,6,10,0,,
2174201809,132,True,2267,22,7,44,2016-02-24,,8,6,0,,
2174236217,4,False,2181,22,7,57,2016-02-24,,6,6,0,,
2174278520,1,True,2264,22,7,88,2016-02-24,16,2,0,0,,
2174325405,129,True,1813,22,7,72,2016-02-24,,5,8,0,,
2174368595,3,False,2835,22,7,63,2016-02-24,16,9,4,0,,
2174432475,129,True,1395,22,7,32,2016-02-24,,0,6,0,,
2175909247,2,False,2481,22,7,67,2016-02-24,,8,5,0,,
2175998073,129,True,3362,22,7,67,2016-02-24,,15,9,0,,
2176107485,4,True,1789,22,7,32,2016-02-24,,13,3,0,,
2176165121,128,False,3504,22,7,1,2016-02-24,,13,6,0,,
2176245618,132,False,1309,22,7,67,2016-02-24,,2,2,0,,
2176281414,132,False,1910,22,7,32,2016-02-24,,4,4,0,,
2176319397,3,True,2547,22,7,104,2016-02-24,,10,9,0,,
2176369120,0,True,2693,22,7,32,2016-02-25,,5,8,0,,
2176455904,132,True,2489,22,7,67,2016-02-25,,9,6,0,,
2176572139,2,False,3736,1,0,71,2016-02-25,,2,11,0,,
2176681614,132,False,2639,1,0,37,2016-02-25,,6,5,0,,
2176894857,4,True,1980,1,0,38,2016-02-25,16,4,4,0,,
2178192914,0,True,1741,22,7,67,2016-02-25,16,10,2,0,,
2178410256,1,True,2004,1,0,42,2016-02-25,,6,4,0,,
2178456117,130,False,2690,3,0,67,2016-02-25,16,17,5,0,,
2178511328,0,True,3470,1,0,95,2016-02-25,,15,10,0,,
2178570480,130,True,3189,22,7,67,2016-02-26,,15,9,0,,
2178626851,2,True,1799,1,0,67,2016-02-26,,15,1,0,,
2178922018,1,True,1602,22,7,67,2016-02-26,,11,3,0,,
2180853880,3,True,3449,22,7,86,2016-02-26,16,5,10,0,,
2181056950,2,True,1971,2,7,41,2016-02-27,16,5,1,0,,
2181124970,130,True,1807,22,7,32,2016-02-27,,8,6,0,,
2183689829,1,False,2462,22,7,67,2016-02-28,,12,4,0,,
2183745279,131,True,1898,22,7,9,2016-02-28,,1,9,0,,
2186605504,2,True,2542,22,7,67,2016-02-29,,7,5,0,,
2188855143,1,True,1482,22,7,104,2016-03-01,,6,2,0,,
2190071224,3,False,1430,1,0,107,2016-03-01,,0,6,0,,
2193095809,130,False,2791,22,7,67,2016-03-03,,16,9,0,,
2193268249,130,False,2733,22,7,104,2016-03-03,16,6,6,0,,
2195135346,129,False,3116,22,7,104,2016-03-03,16,4,15,0,,
2195206401,2,True,2157,22,7,67,2016-03-03,16,5,4,0,,
2195259409,3,False,1096,22,7,67,2016-03-03,,3,5,0,,
2196203276,129,False,3361,1,0,8,2016-03-04,,19,9,0,,
2196383275,129,False,1668,1,0,18,2016-03-04,,13,2,0,,
2196476993,129,False,1978,1,0,81,2016-03-04,,10,4,0,,
2200342151,130,True,2324,22,7,86,2016-03-05,,2,7,0,,
2200449297,0,True,2631,22,7,2,2016-03-05,,14,3,0,,
2200550269,131,True,2004,22,7,104,2016-03-05,,1,7,0,,
2200618936,1,True,2347,22,7,62,2016-03-05,,6,1,0,,
2200888685,130,False,1435,22,7,67,2016-03-06,16,9,0,0,,
2200926180,130,True,1550,22,7,32,2016-03-06,,0,6,0,,
2201440568,3,True,1895,22,7,42,2016-03-06,,11,1,0,,
2202271665,130,False,1671,22,7,67,2016-03-06,,7,0,0,,
2225411546,2,True,2109,22,7,12,2016-03-16,,8,7,0,,
2225536493,3,True,2640,22,7,104,2016-03-16,16,17,4,0,,
2225604385,131,False,2483,22,7,8,2016-03-16,,6,3,0,,
2227542916,131,False,3661,1,0,32,2016-03-16,16,17,6,0,,
2235201264,131,True,1947,2,7,18,2016-03-20,16,9,4,0,,
2235271062,131,False,2972,3,7,1,2016-03-20,,18,2,0,,
2235444960,4,True,2210,22,7,44,2016-03-20,,18,3,0,,
2235561605,130,False,2180,22,7,62,2016-03-20,,6,9,0,,
2238205253,132,False,2857,22,7,67,2016-03-21,,20,4,0,,
2238317759,3,True,2251,22,7,44,2016-03-21,16,19,2,0,,
2238402138,3,True,2140,22,7,42,2016-03-21,16,10,3,0,,
2250032024,4,False,3290,3,7,110,2016-03-26,16,4,14,0,,
2250179161,4,False,2473,22,7,28,2016-03-26,,3,8,0,,
2252033098,1,False,2593,22,7,63,2016-03-27,16,7,11,0,,
2252091406,129,False,3820,22,7,55,2016-03-27,16,19,8,0,,
2252184887,132,False,3034,22,7,32,2016-03-27,,10,7,0,,
2263406356,2,True,2097,3,7,72,2016-04-01,,9,0,0,,
2263437919,3,True,3000,3,7,55,2016-04-01,,7,1,0,,
2263616647,2,True,1804,3,7,97,2016-04-01,,6,3,0,,
2265769754,132,False,2212,3,7,67,2016-04-02,,13,1,0,,
2273869332,1,True,2202,3,7,57,2016-04-05,,3,4,0,,
2280080754,2,False,2108,22,7,86,2016-04-08,,2,11,0,,
2280156727,2,False,2463,22,7,67,2016-04-08,,13,9,0,,
2280254686,2,False,2205,22,7,8,2016-04-08,,2,8,0,,
2280340390,2,True,2574,22,7,110,2016-04-08,,9,1,0,,
2282533879,1,True,2391,22,7,86,2016-04-09,,3,7,0,,
2284509263,129,False,2827,3,7,29,2016-04-10,16,9,7,0,,
2284596315,129,True,1656,3,7,104,2016-04-10,16,1,4,0,,
2284647750,129,False,3485,3,7,54,2016-04-10,16,11,4,0,,
2284746447,1,False,2480,3,7,102,2016-04-10,,2,6,0,,
2284826491,1,True,2012,22,7,112,2016-04-10,,3,5,0,,
2308920402,2,False,2223,3,7,93,2016-04-21,,6,3,0,,
2336609616,2,True,1219,22,7,54,2016-05-03,,3,4,0,,
2336630372,128,False,2210,22,7,26,2016-05-03,,3,7,0,,
2338817045,130,False,2629,22,7,54,2016-05-04,,11,3,0,,
2344452639,0,True,2093,22,7,18,2016-05-06,,2,6,0,,
2350298522,4,True,1579,22,7,32,2016-05-09,16,14,6,0,,
2361386023,2,True,2445,3,7,48,2016-05-14,16,17,7,0,,
2361475705,130,False,2596,3,7,28,2016-05-14,,8,8,0,,
2361578965,2,False,2384,22,7,36,2016-05-14,16,5,9,0,,
2368152393,130,True,2410,22,7,15,2016-05-16,16,8,3,0,,
2368234246,0,True,1968,22,7,48,2016-05-16,16,9,0,0,,
2368443221,128,True,2000,22,7,86,2016-05-17,16,3,5,0,,
2368479954,3,False,2991,22,7,80,2016-05-17,,2,6,0,,
2368532556,3,True,1513,22,7,18,2016-05-17,,2,1,0,,
2368564640,2,True,3280,22,7,73,2016-05-17,16,9,5,0,,
2370100733,128,True,2686,22,7,63,2016-05-17,,13,3,0,,
2370181378,130,False,2560,22,7,86,2016-05-17,16,3,4,0,,
2370279282,3,True,2020,22,7,67,2016-05-17,16,13,3,0,,
2370518438,131,False,2634,22,7,41,2016-05-18,,8,3,0,,
2370653160,2,True,1295,22,7,67,2016-05-18,16,13,1,0,,
2370691146,2,False,3268,22,7,63,2016-05-18,,16,7,0,,
2370781554,3,True,1738,22,7,32,2016-05-18,16,5,3,0,,
2370838735,131,True,2352,22,7,83,2016-05-18,16,0,5,0,,
2370914492,128,False,3005,22,7,67,2016-05-18,16,13,7,0,,
2371004501,2,True,1789,22,7,8,2016-05-18,16,10,4,0,,
2371072233,1,True,1717,22,7,41,2016-05-18,,14,1,0,,
2371145512,1,False,4845,22,7,27,2016-05-18,,6,17,0,,
2371313530,130,False,2756,22,7,32,2016-05-18,,13,6,0,,
2371471291,130,False,2868,22,7,55,2016-05-18,,11,6,0,,
2372432517,129,False,1468,22,7,104,2016-05-18,,9,3,0,,
2372743473,4,True,1738,22,7,98,2016-05-19,,10,1,0,,
2374861889,3,True,2611,22,7,32,2016-05-20,16,4,5,0,,
2374909377,129,False,3292,22,7,41,2016-05-20,,12,2,0,,
2375440062,4,True,4161,2,0,32,2016-05-20,,17,17,0,,
2376962777,128,False,2752,22,7,73,2016-05-20,,4,8,0,,
2377176396,129,False,1784,22,7,98,2016-05-21,,11,2,0,,
2377406053,129,True,2970,22,7,42,2016-05-21,,11,10,0,,
2377516057,2,True,2284,1,0,88,2016-05-21,16,7,1,0,,
2377601282,131,True,2251,22,7,2,2016-05-21,,9,11,0,,
2377704279,131,True,1572,22,7,32,2016-05-21,,4,6,0,,
2379952579,1,False,1446,22,7,32,2016-05-22,16,5,7,0,,
2379985594,130,True,1586,22,7,62,2016-05-22,16,2,7,0,,
2380556607,4,True,1421,22,7,48,2016-05-22,,4,2,0,,
2380635696,129,False,2112,22,7,86,2016-05-22,,6,4,0,,
2380754657,129,False,2052,22,7,102,2016-05-22,,1,8,0,,
2382535682,130,True,2060,22,7,41,2016-05-23,,1,3,0,,
2382576259,129,False,2276,22,7,32,2016-05-23,16,2,6,0,,
2382614049,4,True,2452,22,7,51,2016-05-23,16,18,8,0,,
2382658031,132,True,2146,22,7,8,2016-05-23,16,5,6,0,,
2382703200,131,False,1958,3,7,72,2016-05-23,,12,1,0,,
2382937872,0,True,2366,22,7,28,2016-05-23,,4,5,0,,
2384916813,129,False,2204,22,7,32,2016-05-24,,8,2,0,,
2385397825,129,False,2065,22,7,51,2016-05-24,,5,8,0,,
2385476245,128,False,2151,22,7,98,2016-05-24,16,5,2,0,,
2385688374,130,False,2196,1,0,54,2016-05-24,,14,4,0,,
2386894901,129,False,1948,22,7,32,2016-05-24,16,16,7,0,,
2387229333,132,True,2233,22,7,104,2016-05-25,16,2,9,0,,
2387281676,131,True,2451,22,7,104,2016-05-25,,2,6,0,,
2387590756,1,False,2250,22,7,63,2016-05-25,,5,7,0,,
2387673220,128,False,2874,22,7,72,2016-05-25,,17,7,0,,
2389411094,132,False,2800,22,7,54,2016-05-26,,13,4,0,,
2389464551,3,True,1936,22,7,32,2016-05-26,,12,4,0,,
2389617077,3,True,2501,22,7,51,2016-05-26,,13,7,0,,
2390166728,3,True,1239,1,0,44,2016-05-26,,3,1,0,,
2391835268,0,True,3092,22,7,54,2016-05-27,,18,3,0,,
2391991458,129,False,1858,22,7,32,2016-05-27,,5,5,0,,
2392055220,129,False,2221,22,7,54,2016-05-27,16,9,0,0,,
2394211540,3,False,2806,22,7,88,2016-05-28,,4,10,0,,
2394305111,0,False,3369,22,7,32,2016-05-28,16,2,10,0,,
2396811691,3,False,3044,22,7,93,2016-05-29,,14,6,0,,
2396888174,129,True,1515,22,7,32,2016-05-29,,5,3,0,,
2396972407,132,False,2120,22,7,93,2016-05-29,16,10,3,0,,
2397038801,131,False,2610,22,7,54,2016-05-29,,23,2,0,,
2397224574,131,False,3378,22,7,51,2016-05-29,16,10,9,0,,
2399414472,130,False,1522,22,7,51,2016-05-30,,2,1,0,,
2399624923,132,False,2702,22,7,103,2016-05-30,,5,1,0,,
2399698679,4,True,2707,22,7,112,2016-05-30,16,3,9,0,,
2399783631,4,True,1861,22,7,98,2016-05-30,,17,4,0,,
2404055912,3,True,2661,1,0,88,2016-06-01,,4,8,0,,
2406274082,128,True,867,22,7,32,2016-06-02,16,3,1,1,,
2409093648,129,False,5165,22,7,32,2016-06-03,,25,13,0,,
2409409866,132,False,1380,1,0,103,2016-06-03,,8,5,0,,
2411651115,1,True,2476,22,7,103,2016-06-04,,14,0,0,,
2414177986,1,True,3988,22,7,14,2016-06-05,,13,9,0,,
2414352461,1,True,2014,22,7,14,2016-06-05,,4,7,0,,
2414465250,1,True,1674,22,7,36,2016-06-05,,16,0,0,,
2414576845,1,True,2229,22,7,41,2016-06-05,,9,3,0,,
2427458087,4,False,3227,1,0,56,2016-06-11,16,4,5,0,,
2430291540,2,False,2033,1,0,103,2016-06-12,,0,5,0,,
2430350328,130,True,2725,1,0,55,2016-06-12,,9,14,0,,
2430449063,130,False,2807,1,0,32,2016-06-12,16,12,11,0,,
2439195159,131,True,3476,1,0,23,2016-06-16,,11,8,0,,
2439267862,129,False,2203,3,0,63,2016-06-16,16,15,3,0,,
2441471832,131,False,2362,2,1,41,2016-06-17,16,15,3,0,,
2441541904,131,True,2681,22,7,100,2016-06-17,,0,12,0,,
2443618106,3,True,1430,22,7,102,2016-06-18,,0,1,0,,
2443661685,4,True,2831,22,7,103,2016-06-18,16,4,4,0,,
2443729820,130,False,2573,22,7,110,2016-06-18,,7,4,0,,
2443790259,130,False,2723,22,7,98,2016-06-18,,13,9,0,,
2443879870,130,False,2565,22,7,45,2016-06-18,,4,4,0,,
2443961011,2,True,3029,22,7,15,2016-06-18,,10,6,0,,
2446822152,4,True,2437,1,0,95,2016-06-19,,13,6,0,,
2448718474,1,False,985,2,1,110,2016-06-20,16,3,6,0,,
2448746029,4,True,909,2,1,29,2016-06-20,16,4,0,0,,
2448774370,129,False,853,2,1,95,2016-06-20,16,6,0,0,,
2451120250,130,False,1376,2,1,8,2016-06-21,16,7,1,0,,
2451168764,3,True,1332,2,1,32,2016-06-21,16,1,1,0,,
2451226681,1,True,1322,2,1,95,2016-06-21,16,9,2,0,,
2452943275,132,False,1401,22,7,54,2016-06-21,,11,2,0,,
2452976217,132,False,1345,2,0,8,2016-06-21,16,7,1,0,,
2453047173,130,False,1481,2,1,54,2016-06-22,16,7,1,0,,
2453172071,131,False,2770,2,1,8,2016-06-22,16,18,5,0,,
2453230472,3,False,1931,2,1,28,2016-06-22,16,2,5,0,,
2455806709,3,True,1736,2,0,103,2016-06-23,,4,2,0,,
2455888126,131,False,2847,1,0,18,2016-06-23,,13,7,0,,
2455989243,131,False,1465,3,0,63,2016-06-23,,10,1,0,,
2457398822,2,True,1738,22,7,68,2016-06-24,16,5,0,0,,
2457429953,3,False,2398,22,7,6,2016-06-24,16,4,11,0,,
2457881388,0,True,3031,22,7,107,2016-06-24,,7,16,0,,
2457979051,2,False,3429,22,7,37,2016-06-24,16,4,6,0,,
2467167841,3,False,2019,22,7,8,2016-06-28,,6,9,0,,
2483345144,2,True,2150,22,7,88,2016-07-05,,4,7,0,,
2483426422,131,False,2670,22,7,23,2016-07-05,,8,8,0,,
2484464391,131,False,1513,22,7,23,2016-07-05,16,4,1,0,,
2484516809,131,True,1986,22,7,23,2016-07-05,,2,7,0,,
2485251387,3,True,2115,22,7,23,2016-07-06,,5,7,1,,
2487443566,130,False,2283,22,7,23,2016-07-07,,10,2,0,,
2487526616,130,True,3112,22,7,23,2016-07-07,,2,11,0,,
2487628917,130,True,2587,22,7,51,2016-07-07,,10,14,0,,
2489713320,132,False,3315,22,7,67,2016-07-08,16,9,6,0,,
2489852394,4,True,2084,22,7,41,2016-07-08,,3,3,0,,
2489944920,132,False,1718,22,7,86,2016-07-08,16,10,3,0,,
2490034884,128,False,3291,22,7,2,2016-07-08,,12,13,0,,
2492338410,132,True,2335,22,7,2,2016-07-09,16,5,10,0,,
2492441782,4,False,1954,22,7,98,2016-07-09,16,4,9,0,,
2494685819,4,True,1952,22,7,32,2016-07-10,,3,5,0,,
2494778151,3,True,2082,22,7,97,2016-07-10,16,2,5,0,,
2494875319,1,True,3303,22,7,102,2016-07-10,,3,8,0,,
2495013372,129,False,1932,22,7,31,2016-07-10,,7,3,0,,
2495113297,129,True,2953,22,7,89,2016-07-10,,9,8,0,,
2496082636,3,True,2627,22,7,59,2016-07-11,,20,5,0,,
2496132289,129,False,1828,22,7,41,2016-07-11,,1,5,0,,
2496164817,1,False,2592,22,7,6,2016-07-11,,4,12,0,,
2496210415,129,False,2873,22,7,88,2016-07-11,,4,7,0,,
2498271828,3,True,2191,22,7,51,2016-07-12,,10,3,0,,
2500398684,3,True,1865,22,7,42,2016-07-13,16,17,4,0,,
2500695796,2,False,2783,22,7,104,2016-07-13,16,16,15,0,,
2500766822,2,True,2443,22,7,104,2016-07-13,,2,5,0,,
2500841007,130,False,2679,22,7,8,2016-07-13,,13,5,0,,
2500964179,2,True,2374,22,7,104,2016-07-13,,6,4,0,,
2501059392,2,True,1947,22,7,15,2016-07-13,,9,2,0,,
2501134637,2,True,2018,22,7,54,2016-07-13,16,11,3,0,,
2501210113,132,False,3420,22,7,45,2016-07-13,,2,20,0,,
2504579036,4,True,2218,22,7,22,2016-07-15,16,4,2,0,,
2504624965,130,False,2729,22,7,51,2016-07-15,16,9,9,0,,
2504707580,3,False,3365,22,7,32,2016-07-15,,3,12,0,,
2504785771,131,False,2411,22,7,54,2016-07-15,,16,3,0,,
2504851673,3,True,2998,22,7,110,2016-07-15,16,6,4,0,,
2504931407,3,False,2098,22,7,86,2016-07-15,16,3,10,0,,
2506854354,2,True,2526,22,7,8,2016-07-16,,5,3,0,,
2506912915,132,True,2346,22,7,51,2016-07-16,16,8,8,0,,
2506968137,131,True,2609,22,7,9,2016-07-16,16,6,9,0,,
2507034329,131,True,2694,22,7,51,2016-07-16,16,3,10,0,,
2507119354,2,True,2838,22,7,104,2016-07-16,,11,11,0,,
2507373531,132,False,2593,22,7,28,2016-07-16,,3,4,0,,
2507497902,132,False,2528,22,7,104,2016-07-16,,15,3,0,,
2509027831,130,False,2748,22,7,111,2016-07-17,,3,8,0,,
2509314986,4,True,1763,22,7,104,2016-07-17,16,11,3,0,,
2509372347,130,True,1778,22,7,32,2016-07-17,16,5,8,0,,
2509452723,130,False,1281,22,7,28,2016-07-17,,2,2,0,,
2509505949,2,True,1274,22,7,5,2016-07-17,,4,2,0,,
2509563920,130,False,1763,22,7,55,2016-07-17,16,7,4,0,,
2510819218,128,True,2593,22,7,104,2016-07-17,,1,7,0,,
2511374545,131,False,2117,22,7,86,2016-07-18,16,3,3,0,,
2511425359,131,False,5279,22,7,101,2016-07-18,16,19,12,0,,
2511537413,131,False,1917,22,7,18,2016-07-18,,6,5,0,,
2511592250,131,False,2218,22,7,29,2016-07-18,16,5,6,0,,
2511671907,0,True,2172,22,7,99,2016-07-18,,16,5,0,,
2511776928,0,True,2657,22,7,29,2016-07-18,,5,10,0,,
2511870523,128,False,4732,22,7,104,2016-07-18,,10,9,0,,
2513111624,129,True,1298,22,7,18,2016-07-18,16,2,7,0,,
2513155315,129,True,2402,22,7,18,2016-07-18,,14,3,0,,
2513213050,2,False,2494,22,7,104,2016-07-18,,13,10,0,,
2513321261,132,False,2840,22,7,104,2016-07-19,16,6,13,0,,
2513364796,132,True,2496,22,7,104,2016-07-19,,7,9,0,,
2513454028,4,False,2365,22,7,104,2016-07-19,,7,7,0,,
2513522141,4,False,1736,22,7,104,2016-07-19,,3,4,0,,
2513562366,132,False,2598,22,7,104,2016-07-19,16,3,4,0,,
2513653534,0,False,1008,22,7,104,2016-07-19,,3,3,0,,
2513690154,2,False,2218,22,7,104,2016-07-19,,7,9,0,,
2513758665,129,True,1491,22,7,104,2016-07-19,16,0,6,0,,
2513810318,130,True,3007,22,7,42,2016-07-19,16,12,4,0,,
2515495068,130,True,1816,22,7,104,2016-07-20,16,4,6,0,,
2515707030,1,False,3001,22,7,86,2016-07-20,16,3,7,0,,
2515787533,4,False,2210,1,0,41,2016-07-20,16,11,5,0,,
2515868766,3,True,1238,22,7,95,2016-07-20,16,5,1,0,,
2515911738,3,True,2962,22,7,18,2016-07-20,,27,5,0,,
2516025039,130,False,3376,22,7,98,2016-07-20,,4,10,0,,
2516138807,130,False,2132,22,7,6,2016-07-20,,17,4,0,,
2516228985,2,True,1240,22,7,9,2016-07-20,,8,0,0,,
2516306330,130,False,2512,22,7,2,2016-07-20,,11,9,0,,
2516425877,130,True,3134,22,7,42,2016-07-20,,10,6,0,,
2516604768,2,True,2073,22,7,23,2016-07-20,,4,5,0,,
2516721488,130,False,2633,22,7,4,2016-07-20,,9,6,0,,
2517623123,4,True,2524,22,7,95,2016-07-21,,13,3,0,,
2517665197,132,False,1850,22,7,8,2016-07-21,,11,1,0,,
2517851069,131,True,1575,22,7,104,2016-07-21,,3,5,0,,
2517895276,129,False,3829,22,7,28,2016-07-21,16,5,13,0,,
2518001928,0,True,2397,22,7,69,2016-07-21,,9,8,0,,
2518073251,4,False,1748,22,7,32,2016-07-21,,5,6,0,,
2518156650,2,True,2603,22,7,54,2016-07-21,,16,5,0,,
2518245877,2,False,2015,22,7,51,2016-07-21,,0,8,0,,
2519537061,2,True,2740,22,7,41,2016-07-21,16,1,6,0,,
2519595907,1,False,1800,22,7,2,2016-07-21,,2,11,0,,
2519636749,130,False,3035,22,7,98,2016-07-22,16,9,5,0,,
2519812025,132,True,2493,22,7,104,2016-07-22,16,4,8,0,,
2520046751,2,False,1817,22,7,41,2016-07-22,,4,7,0,,
2520168166,1,False,1948,22,7,111,2016-07-22,16,1,4,0,,
2520234996,132,True,1691,22,7,32,2016-07-22,16,7,7,0,,
2520298647,4,True,2598,22,7,18,2016-07-22,16,7,8,0,,
2521684869,4,True,2541,22,7,88,2016-07-22,,9,5,0,,
2522113329,131,True,2153,22,7,88,2016-07-23,,6,4,0,,
2522187359,131,False,2730,22,7,88,2016-07-23,16,6,5,0,,
2522275985,4,False,1283,22,7,95,2016-07-23,16,0,4,0,,
2522330190,128,True,2931,22,7,55,2016-07-23,16,6,7,0,,
2522509170,129,False,1279,22,7,23,2016-07-23,,6,1,0,,
2522627331,131,True,556,22,7,69,2016-07-23,,0,1,1,,
2522671861,2,False,3593,22,7,32,2016-07-23,,15,14,0,,
2524198179,128,False,1409,22,7,88,2016-07-24,16,9,2,0,,
2524230891,129,False,1718,22,7,79,2016-07-24,,4,6,0,,
2524329199,129,False,2156,2,9,23,2016-07-24,,6,7,0,,
2524379669,129,False,1379,2,9,32,2016-07-24,,3,0,0,,
2524423596,129,False,2579,2,9,23,2016-07-24,,2,4,0,,
2524752277,129,True,2260,22,7,67,2016-07-24,,7,4,0,,
2524863698,128,True,1923,22,7,32,2016-07-24,,1,12,0,,
2524944651,3,True,2368,22,7,79,2016-07-24,,4,6,0,,
2526545083,131,True,2148,22,7,28,2016-07-24,16,4,5,0,,
2526613424,128,False,2324,22,7,55,2016-07-25,,5,5,0,,
2526655767,0,False,2629,22,7,41,2016-07-25,,1,4,0,,
2526820351,3,True,2599,22,7,28,2016-07-25,,2,4,0,,
2526874743,131,True,1790,22,7,93,2016-07-25,,7,5,0,,
2526951675,128,True,1334,22,7,110,2016-07-25,16,2,8,0,,
2526989436,130,True,1672,22,7,2,2016-07-25,,6,9,0,,
2527066946,4,False,1994,22,7,88,2016-07-25,16,5,7,0,,
2527126878,129,True,1056,22,7,111,2016-07-25,16,1,3,0,,
2528758739,132,False,2085,22,7,88,2016-07-26,16,8,3,0,,
2528803242,129,False,2658,22,7,28,2016-07-26,16,4,6,0,,
2528856352,2,True,2571,22,7,79,2016-07-26,,3,6,0,,
2529096635,2,True,2182,22,7,98,2016-07-26,16,7,9,0,,
2530816745,132,False,2780,22,7,60,2016-07-27,,6,4,0,,
2530872060,130,False,1982,22,7,88,2016-07-27,,4,3,0,,
2530903700,128,True,1174,22,7,79,2016-07-27,,2,7,0,,
2530955506,0,False,2802,22,7,86,2016-07-27,,0,14,0,,
2531051454,3,True,2420,22,7,88,2016-07-27,,9,7,0,,
2531151726,128,False,1399,22,7,57,2016-07-27,,1,0,0,,
2531189874,128,True,1754,22,7,57,2016-07-27,,1,5,0,,
2531244051,131,False,2459,22,7,62,2016-07-27,16,7,11,0,,
2531433242,4,False,1346,22,7,41,2016-07-27,,2,4,0,,
2531493000,132,True,3529,22,7,41,2016-07-27,,13,8,0,,
2531615773,132,False,3099,22,7,15,2016-07-27,,11,5,0,,
2532677389,132,True,1609,22,7,26,2016-07-27,16,4,6,0,,
2532718638,0,True,3612,22,7,9,2016-07-27,16,13,7,0,,
2532823406,130,False,1215,22,7,88,2016-07-28,,2,1,0,,
2532964745,128,True,1246,22,7,88,2016-07-28,,1,4,0,,
2532996842,4,True,2854,22,7,68,2016-07-28,16,6,7,0,,
2533052908,128,True,2289,22,7,32,2016-07-28,,3,12,0,,
2533106546,130,False,3588,22,7,63,2016-07-28,16,7,10,0,,
2533218826,4,True,1747,22,7,2,2016-07-28,16,11,7,0,,
2533274269,128,False,2180,22,7,32,2016-07-28,,6,6,0,,
2533345552,0,True,2966,22,7,85,2016-07-28,16,3,4,0,,
2533460963,4,False,3266,22,7,107,2016-07-28,16,8,20,0,,
2533571143,132,False,2286,22,7,73,2016-07-28,,0,5,0,,
2534546288,132,True,1523,22,7,88,2016-07-29,,1,4,0,,
2534602608,130,True,2183,22,7,51,2016-07-29,16,10,6,0,,
2534642048,132,True,1392,22,7,88,2016-07-29,,1,5,0,,
2537043032,130,False,2386,22,7,88,2016-07-30,,4,9,0,,
2537187274,4,True,1070,22,7,88,2016-07-30,16,2,2,0,,
2537235347,130,False,1103,22,7,28,2016-07-30,16,4,1,0,,
2537373923,3,False,1987,22,7,55,2016-07-30,16,7,9,0,,
2537776802,2,True,2688,22,7,55,2016-07-30,,5,3,0,,
2537894971,2,False,3802,22,7,41,2016-07-30,,4,10,0,,
2541917538,1,False,2454,22,7,28,2016-08-01,,0,7,0,,
2542008228,1,True,1908,22,7,26,2016-08-01,,2,4,0,,
2542381056,3,True,3003,22,7,17,2016-08-01,,25,3,0,,
2543270819,129,True,1798,22,7,98,2016-08-02,16,0,8,0,,
2543303158,1,False,2101,22,7,98,2016-08-02,16,4,8,0,,
2543340795,3,True,1881,22,7,28,2016-08-02,,2,9,0,,
2543390975,4,False,1338,22,7,88,2016-08-02,16,2,2,0,,
2543453967,132,False,1820,22,7,88,2016-08-02,16,2,4,0,,
2543519675,131,True,2374,22,7,51,2016-08-02,,8,11,0,,
2543577032,0,False,1166,22,7,41,2016-08-02,16,1,3,0,,
2543642362,3,True,2474,22,7,28,2016-08-02,16,2,7,0,,
2543785616,130,False,3493,22,7,41,2016-08-02,16,4,5,0,,
2548107017,1,True,2259,22,7,107,2016-08-04,,6,5,0,,
2548217177,129,False,1586,22,7,41,2016-08-04,,7,1,0,,
2550488027,4,True,1601,1,0,41,2016-08-05,,8,1,0,,
2550649701,128,False,2570,22,7,41,2016-08-05,16,4,4,0,,
2551518934,2,True,2307,22,7,93,2016-08-06,,15,2,0,,
2551575174,3,True,1672,22,7,28,2016-08-06,17,2,9,0,,
2552482690,131,True,2548,22,7,98,2016-08-06,,6,8,0,,
2552618828,3,True,1512,22,7,78,2016-08-06,16,7,2,0,,
2552692207,131,False,2247,22,7,95,2016-08-06,,5,1,0,,
2552889396,131,False,730,22,7,41,2016-08-06,,3,0,0,,
2553758438,130,False,1420,22,7,79,2016-08-07,,4,7,0,,
2553796726,128,False,2511,22,7,79,2016-08-07,,2,7,0,,
2553880750,128,True,1537,2,9,84,2016-08-07,,1,3,0,,
2553917527,128,False,1547,2,9,26,2016-08-07,,3,6,0,,
2553949459,128,False,1683,2,9,75,2016-08-07,,5,2,0,,
2553999660,0,True,1777,2,9,41,2016-08-07,,5,3,0,,
2554141849,2,True,1002,22,7,86,2016-08-07,16,0,2,0,,
2554185999,130,False,1493,1,0,23,2016-08-07,,2,7,0,,
2555557692,132,False,2209,22,7,98,2016-08-07,16,9,4,0,,
2555657230,2,False,3245,22,7,78,2016-08-07,16,20,3,0,,
2556024148,0,True,2538,22,7,28,2016-08-07,16,2,14,0,,
2556086870,1,True,1708,22,7,28,2016-08-07,16,1,1,0,,
2556154156,129,False,2615,22,7,88,2016-08-08,16,8,3,0,,
2556201226,1,True,1452,22,7,41,2016-08-08,,10,1,0,,
2556227676,129,False,2567,22,7,84,2016-08-08,,1,7,0,,
2556336183,131,False,2033,22,7,62,2016-08-08,,3,6,0,,
2557745471,128,False,1978,22,7,78,2016-08-08,16,10,3,0,,
2558170788,132,False,1946,22,7,98,2016-08-08,16,18,4,0,,
2558293759,3,True,1669,22,7,55,2016-08-09,,6,2,0,,
2558321545,3,True,1867,22,7,78,2016-08-09,,11,4,0,,
2558945173,131,False,2464,22,7,78,2016-08-09,,10,4,0,,
2559895829,129,False,2512,22,7,78,2016-08-09,,7,8,0,,
2560326664,130,False,2007,22,7,41,2016-08-10,,2,3,0,,
2560640713,128,False,2358,22,7,88,2016-08-10,16,5,6,0,,
2565407845,2,False,2051,22,7,32,2016-08-12,16,5,8,0,,
2566497935,129,True,2541,22,7,41,2016-08-12,16,4,6,0,,
2574156572,131,True,2533,22,7,99,2016-08-15,16,6,13,0,,
2574229131,129,True,2762,22,7,78,2016-08-15,16,3,8,0,,
2574330893,2,False,2527,22,7,41,2016-08-16,,5,9,0,,
2574376901,129,True,2131,22,7,88,2016-08-16,,2,11,0,,
2574416358,2,False,1333,22,7,88,2016-08-16,16,1,5,0,,
2574543543,3,True,1404,22,7,84,2016-08-16,16,2,2,0,,
2574582246,0,False,1389,22,7,79,2016-08-16,16,0,7,0,,
2574618923,130,False,1711,22,7,88,2016-08-16,,0,3,0,,
2574734435,129,False,1940,22,7,55,2016-08-16,,7,3,0,,
2576362449,131,False,1610,22,7,32,2016-08-16,16,1,4,0,,
2576424151,131,True,3065,22,7,78,2016-08-16,16,7,8,0,,
2576597653,2,False,2770,22,7,51,2016-08-16,16,8,12,0,,
2576659143,3,False,2722,22,7,41,2016-08-17,16,7,8,0,,
2576699341,132,True,1627,22,7,32,2016-08-17,,5,6,0,,
2576728374,132,True,3041,22,7,98,2016-08-17,,11,5,0,,
2576779403,1,True,1255,22,7,41,2016-08-17,16,2,0,0,,
2576808442,3,True,2928,22,7,98,2016-08-17,16,10,4,0,,
2576868069,2,True,1947,22,7,20,2016-08-17,16,0,1,0,,
2577084377,1,True,2341,22,7,41,2016-08-17,16,12,4,0,,
2577167751,1,True,1912,22,7,28,2016-08-17,16,0,3,0,,
2577240627,1,False,2860,22,7,26,2016-08-17,16,5,11,0,,
2577366838,132,False,2919,22,7,111,2016-08-17,16,6,10,0,,
2577505145,4,False,2476,1,0,98,2016-08-17,,2,10,0,,
2578765004,2,True,2669,22,7,98,2016-08-17,16,6,12,0,,
2578931136,2,True,1451,22,7,41,2016-08-17,16,1,0,0,,
2579128320,132,False,1427,22,7,57,2016-08-18,16,2,4,0,,
2579160838,131,True,2564,22,7,88,2016-08-18,,5,5,0,,
2579255006,0,True,1850,22,7,51,2016-08-18,16,7,5,0,,
2579635426,130,False,1737,22,7,41,2016-08-18,,17,2,0,,
2579701361,130,False,2066,22,7,111,2016-08-18,,14,6,0,,
2579797577,2,False,1910,22,7,88,2016-08-18,,2,3,0,,
2581271651,2,True,3974,22,7,51,2016-08-18,16,16,10,0,,
2581369568,3,True,3599,22,7,3,2016-08-19,16,9,6,0,,
2581454366,3,True,1170,22,7,55,2016-08-19,,4,2,0,,
2581590788,1,False,2583,22,7,28,2016-08-19,16,3,5,0,,
2582053695,2,True,1791,4,0,102,2016-08-19,,5,2,0,,
2583650221,131,False,2171,1,0,88,2016-08-19,,8,7,0,,
2583906540,132,True,1536,22,7,28,2016-08-20,16,7,7,0,,
2583953106,129,True,2043,22,7,111,2016-08-20,,9,8,0,,
2584008649,128,True,2288,22,7,28,2016-08-20,16,6,10,0,,
2584070691,2,True,1842,22,7,41,2016-08-20,,5,6,0,,
2584171937,0,True,2437,22,7,41,2016-08-20,16,10,7,0,,
2584258671,4,True,2076,22,7,3,2016-08-20,16,0,3,0,,
2584374421,3,True,2688,22,7,111,2016-08-20,,6,5,0,,
2586234869,2,True,2314,1,0,99,2016-08-20,,9,7,0,,
2586367467,1,True,1649,3,0,85,2016-08-20,,3,6,0,,
2586547392,4,True,1596,2,9,88,2016-08-21,16,6,3,0,,
2586591406,4,True,2372,2,9,111,2016-08-21,,2,10,0,,
2586657869,132,False,1544,2,9,79,2016-08-21,,1,3,0,,
2586915673,3,False,2747,22,7,16,2016-08-21,,6,3,0,,
2587029463,131,True,2610,22,7,55,2016-08-21,,2,7,0,,
2587414840,132,False,2180,2,0,88,2016-08-21,,4,7,0,,
2587666975,131,False,2175,1,0,98,2016-08-21,,8,3,0,,
2589242094,3,True,1641,22,7,88,2016-08-22,,2,6,0,,
2589285246,3,True,1902,1,0,20,2016-08-22,,2,4,0,,
2589368441,131,True,2721,3,0,2,2016-08-22,,6,15,0,,
2589440408,3,True,1980,3,0,84,2016-08-22,,4,5,0,,
2589514379,131,False,2366,3,0,111,2016-08-22,,5,8,0,,
2589602750,131,True,2291,1,0,79,2016-08-22,16,1,8,0,,
2589739531,131,False,1646,1,0,88,2016-08-22,,21,1,0,,
2589964741,4,True,1489,1,0,17,2016-08-22,,25,4,0,,
2590039516,4,True,1530,1,0,98,2016-08-22,16,9,3,0,,
2591450154,3,False,1716,22,7,51,2016-08-22,,1,8,0,,
2591501553,130,True,1744,22,7,88,2016-08-22,16,3,7,0,,
2591806465,1,True,1933,22,7,32,2016-08-23,16,1,6,0,,
2591864093,2,True,811,22,7,27,2016-08-23,16,2,1,0,,
2592028070,1,True,1250,1,0,16,2016-08-23,,6,3,0,,
2592413237,130,True,2484,22,7,111,2016-08-23,,6,9,0,,
2593986529,4,False,2814,22,7,2,2016-08-24,16,13,10,0,,
2594124809,129,True,1820,22,7,51,2016-08-24,16,2,7,0,,
2594163795,2,True,1485,22,7,98,2016-08-24,16,9,4,0,,
2594300865,129,True,2367,22,7,41,2016-08-24,,2,7,0,,
2594365494,4,False,2035,22,7,88,2016-08-24,16,6,8,0,,
2594445534,131,False,2630,22,7,16,2016-08-24,,11,8,0,,
2594546032,132,False,1045,22,7,16,2016-08-24,,1,4,0,,
2594590486,129,False,3074,22,7,28,2016-08-24,16,3,8,0,,
2594753163,131,False,1731,3,0,41,2016-08-24,,1,2,0,,
2594855313,4,True,1275,1,0,2,2016-08-24,16,9,5,0,,
2594941828,129,False,788,1,0,86,2016-08-24,,2,1,0,,
2596479228,129,False,939,22,7,16,2016-08-25,16,5,0,0,,
2596513717,131,True,2441,22,7,55,2016-08-25,,3,7,0,,
2596558651,131,True,2361,22,7,41,2016-08-25,16,0,10,0,,
2596597737,130,True,1797,22,7,41,2016-08-25,16,6,5,0,,
2596641734,4,True,2626,22,7,28,2016-08-25,16,8,5,0,,
2596773906,132,True,1225,22,7,55,2016-08-25,16,0,4,0,,
2596821403,130,False,2496,22,7,23,2016-08-25,,17,4,0,,
2596889773,1,True,1811,22,7,44,2016-08-25,,13,1,0,,
2597005413,132,True,1420,22,7,54,2016-08-25,,1,8,0,,
2597080065,130,False,1604,22,7,41,2016-08-25,,6,3,0,,
2597263255,3,False,1815,22,7,41,2016-08-25,16,1,5,0,,
2598883353,1,True,1259,22,7,41,2016-08-26,,2,1,0,,
2598936725,1,False,2885,22,7,6,2016-08-26,16,11,11,0,,
2599058368,0,False,2442,22,7,41,2016-08-26,16,1,7,0,,
2599118003,2,True,1775,22,7,16,2016-08-26,16,4,4,0,,
2599202836,130,True,1718,22,7,88,2016-08-26,16,1,12,0,,
2599252779,4,True,1648,22,7,28,2016-08-26,16,0,3,0,,
2599302744,3,True,1942,22,7,16,2016-08-26,16,7,3,0,,
2599366330,129,True,1525,22,7,16,2016-08-26,16,5,6,0,,
2599421964,1,True,1084,22,7,41,2016-08-26,16,0,0,0,,
2599475731,128,True,3161,22,7,23,2016-08-26,,7,11,0,,
2599718496,131,False,1618,3,0,108,2016-08-26,,4,3,0,,
2599789292,132,False,2069,22,7,55,2016-08-26,16,9,5,0,,
2601445745,3,True,2058,22,7,32,2016-08-27,16,1,5,0,,
2601735419,0,False,1398,22,7,41,2016-08-27,,0,5,0,,
2601831498,128,True,1455,22,7,23,2016-08-27,16,3,6,0,,
2603187612,129,False,3062,22,7,98,2016-08-27,,14,7,0,,
2604006383,131,True,1896,22,7,111,2016-08-28,16,4,8,0,,
2604050903,130,True,1790,22,7,88,2016-08-28,16,3,5,0,,
2604126752,129,True,2852,22,7,51,2016-08-28,16,11,5,0,,
2604199050,130,False,3333,22,7,88,2016-08-28,,7,9,0,,
2604294110,0,True,2982,22,7,88,2016-08-28,,4,10,0,,
2604483137,132,False,2248,22,7,44,2016-08-28,,24,2,0,,
2604609250,129,False,1972,22,7,84,2016-08-28,16,4,3,0,,
2606696510,129,False,1019,22,7,41,2016-08-29,16,0,2,0,,
2606727353,1,True,1861,22,7,51,2016-08-29,,10,3,0,,
2606905031,130,False,3084,22,7,88,2016-08-29,,9,5,0,,
2608819367,132,True,3088,22,7,88,2016-08-29,16,5,14,0,,
2608910097,4,True,2263,22,7,29,2016-08-29,,2,3,0,,
2608970908,129,False,1854,22,7,16,2016-08-29,,6,6,0,,
2609879100,3,False,2046,22,7,5,2016-08-30,,3,9,0,,
2609980217,129,False,1930,3,0,104,2016-08-30,,5,5,0,,
2611439981,3,False,3924,22,7,32,2016-08-31,17,6,13,0,,
2611505471,131,True,2995,22,7,88,2016-08-31,16,6,9,0,,
2611555539,130,False,2238,22,7,2,2016-08-31,,12,4,0,,
2611633471,1,True,1528,22,7,51,2016-08-31,16,1,4,0,,
2611728234,1,False,2725,22,7,111,2016-08-31,,4,11,0,,
2611826135,0,True,1970,22,7,32,2016-08-31,16,3,4,0,,
2611888327,128,False,1534,22,7,51,2016-08-31,16,5,6,0,,
2612258798,4,True,2298,22,7,65,2016-08-31,16,8,9,0,,
2613730379,128,True,929,22,7,51,2016-09-01,16,2,5,0,,
2613749755,1,True,3771,22,7,51,2016-09-01,16,9,15,0,,
2613829718,131,False,1317,22,7,51,2016-09-01,16,5,3,0,,
2613860726,2,False,1850,22,7,55,2016-09-01,16,7,4,0,,
2613899094,129,True,2525,22,7,55,2016-09-01,16,2,8,0,,
2613962416,3,True,1716,22,7,88,2016-09-01,16,7,3,0,,
2614009151,130,True,2454,22,7,28,2016-09-01,,3,9,0,,
2614121571,3,False,2289,22,7,51,2016-09-01,,2,5,0,,
2614194369,3,True,2073,22,7,41,2016-09-01,,2,5,0,,
2614255870,4,False,2028,22,7,51,2016-09-01,16,2,4,0,,
2614394403,2,False,1136,22,7,41,2016-09-01,16,1,3,0,,
2614446075,131,True,780,22,7,6,2016-09-01,,0,0,1,,
2614481520,130,True,1439,22,7,32,2016-09-01,16,4,12,0,,
2615792481,0,True,2444,22,7,41,2016-09-02,16,4,6,0,,
2615832574,1,True,2055,22,7,88,2016-09-02,,4,8,0,,
2615876871,3,True,1864,22,7,51,2016-09-02,16,8,5,0,,
2615915955,130,True,2264,22,7,41,2016-09-02,16,1,6,0,,
2615969964,3,True,2190,22,7,88,2016-09-02,,9,4,0,,
2616050136,2,False,2443,22,7,88,2016-09-02,16,2,10,0,,
2616109538,128,False,1996,22,7,57,2016-09-02,16,1,5,0,,
2616174039,4,True,2782,22,7,57,2016-09-02,,3,7,0,,
2616270022,4,True,3147,22,7,112,2016-09-02,,3,13,0,,
2616362943,4,True,2140,22,7,41,2016-09-02,16,2,5,0,,
2616568032,3,True,1234,22,7,32,2016-09-02,16,4,4,0,,
2616704876,132,False,978,1,0,6,2016-09-02,,4,2,0,,
2616763883,132,False,2042,1,0,14,2016-09-02,,9,10,0,,
2618084311,129,True,2790,22,7,88,2016-09-03,,4,12,0,,
2618150224,4,False,3661,22,7,88,2016-09-03,,6,13,0,,
2618249360,1,False,2750,22,7,51,2016-09-03,16,4,9,0,,
2618429945,4,True,1804,22,7,98,2016-09-03,,10,5,0,,
2618502455,129,True,1906,22,7,26,2016-09-03,16,1,12,0,,
2618597045,131,True,1718,22,7,98,2016-09-03,,3,7,0,,
2618743358,130,True,2370,22,7,57,2016-09-03,16,6,6,0,,
2619456601,130,False,2122,22,7,103,2016-09-03,,3,9,0,,
2619578434,132,True,2069,22,7,98,2016-09-03,16,6,8,0,,
2619695102,2,True,1961,22,7,57,2016-09-03,,2,4,0,,
2619792886,1,False,3011,22,7,98,2016-09-03,16,9,13,0,,
2619920587,0,False,1256,22,7,57,2016-09-03,,2,3,0,,
2619977241,1,True,1656,22,7,84,2016-09-03,16,5,6,0,,
2620055458,128,True,2336,22,7,41,2016-09-03,,4,9,0,,
2620141863,132,True,1707,22,7,57,2016-09-03,,2,8,0,,
2621300194,4,True,1485,22,7,41,2016-09-04,,3,0,0,,
2621429673,2,True,2202,1,0,57,2016-09-04,16,2,5,0,,
2621547545,128,False,3257,22,7,41,2016-09-04,16,5,12,0,,
2621719548,132,False,2639,1,0,16,2016-09-04,,13,8,0,,
2622113146,1,True,2606,22,7,41,2016-09-04,16,4,5,0,,
2622652218,3,True,1107,22,7,57,2016-09-04,16,1,1,0,,
2622705859,131,True,2531,22,7,98,2016-09-04,16,3,8,0,,
2623018413,132,True,1568,22,7,88,2016-09-05,16,2,7,0,,
2623047355,4,False,1757,22,7,98,2016-09-05,16,3,2,0,,
2623079168,2,True,1777,22,7,41,2016-09-05,,2,6,0,,
2623113083,0,False,1181,22,7,28,2016-09-05,16,0,3,0,,
2623173532,2,False,2149,22,7,57,2016-09-05,,3,6,0,,
2623220916,128,False,1874,22,7,41,2016-09-05,16,3,2,0,,
2623266953,1,False,1572,22,7,41,2016-09-05,16,0,3,0,,
2623328950,130,True,2034,22,7,98,2016-09-05,17,6,7,0,,
2623383892,129,False,2756,22,7,16,2016-09-05,,4,7,0,,
2624231414,4,False,1676,22,7,98,2016-09-05,17,2,11,0,,
2624316658,4,True,1883,22,7,98,2016-09-05,17,6,5,0,,
2624484406,2,False,1867,22,7,16,2016-09-05,,7,5,0,,
2624560315,2,False,1849,22,7,28,2016-09-05,17,1,10,0,,
2624627527,4,False,2045,22,7,41,2016-09-05,17,0,10,0,,
2624697499,128,False,2897,22,7,88,2016-09-05,17,3,11,0,,
2624784626,130,True,1057,22,7,28,2016-09-05,17,0,4,1,,
2624820903,0,True,2594,22,7,51,2016-09-05,17,3,10,0,,
2624937633,128,True,1577,22,7,98,2016-09-05,17,6,4,0,,
2624980426,2,False,2473,22,7,28,2016-09-06,17,1,7,0,,
2625027449,2,True,3653,22,7,84,2016-09-06,17,4,13,0,,
2625081728,1,True,1408,22,7,59,2016-09-06,17,7,3,0,,
2625123643,130,True,1278,22,7,86,2016-09-06,,0,7,0,,
2625150129,2,True,1922,22,7,65,2016-09-06,17,5,3,0,,
2625206518,2,True,3722,3,0,88,2016-09-06,,8,9,0,,
2625955023,2,True,1392,22,7,27,2016-09-06,17,3,5,0,,
2626018757,4,True,2398,22,7,31,2016-09-06,17,3,8,0,,
2626135555,130,False,1341,22,7,57,2016-09-06,17,5,0,0,,
2626204834,0,False,2980,22,7,57,2016-09-06,17,3,5,0,,
2626701515,130,True,1653,22,7,88,2016-09-06,17,1,8,0,,
2626759809,131,False,1953,22,7,65,2016-09-06,17,2,4,0,,
2626827950,1,True,1759,22,7,57,2016-09-06,17,1,4,0,,
2626934436,128,False,2414,22,7,31,2016-09-06,17,3,7,0,,
2626981890,2,False,2418,22,7,16,2016-09-07,,1,7,0,,
2627019678,1,True,1563,22,7,28,2016-09-07,17,5,0,0,,
2627097655,128,False,2825,22,7,16,2016-09-07,,3,0,0,,
2628547886,131,False,1111,22,7,27,2016-09-07,17,3,1,0,,
2628761865,128,False,2857,22,7,88,2016-09-07,17,11,9,0,,
2628877535,132,False,1956,22,7,57,2016-09-07,17,2,3,0,,
2628919520,2,True,2417,22,7,51,2016-09-07,17,7,4,0,,
2630353739,131,False,2671,22,7,51,2016-09-08,17,18,6,0,,
2630948032,130,True,1474,22,7,51,2016-09-08,17,2,8,0,,
2630982821,2,False,1779,22,7,51,2016-09-08,17,7,5,0,,
2631077516,130,False,1939,22,7,71,2016-09-09,,1,6,0,,
2631130578,0,False,1784,22,7,57,2016-09-09,17,2,6,0,,
2631168093,128,True,1560,22,7,51,2016-09-09,17,3,5,0,,
2631215941,3,False,1812,22,7,16,2016-09-09,17,5,5,0,,
2631265041,130,False,1687,22,7,5,2016-09-09,17,1,7,0,,
2631306914,2,False,1486,22,7,65,2016-09-09,17,4,10,0,,
2631347269,3,False,1665,22,7,2,2016-09-09,17,0,11,0,,
2632475800,3,False,3550,22,7,104,2016-09-09,17,3,11,0,,
2632642906,0,False,2988,22,7,16,2016-09-09,17,6,10,0,,
2632767846,131,False,2159,22,7,98,2016-09-09,17,11,9,0,,
2632874625,129,False,1971,22,7,85,2016-09-09,17,5,4,0,,
2632938323,131,True,1357,22,7,16,2016-09-09,17,0,5,0,,
2633197146,1,False,712,22,7,41,2016-09-10,,0,1,1,,
2633236929,130,True,1265,22,7,16,2016-09-10,,2,5,0,,
2633262040,2,False,1539,22,7,28,2016-09-10,,1,7,0,,
2633291349,129,True,1342,22,7,16,2016-09-10,,0,6,0,,
2633369409,1,True,2699,22,7,86,2016-09-10,17,8,9,0,,
2633506858,130,True,1178,22,7,51,2016-09-10,17,8,7,0,,
2634921557,3,False,3193,22,7,2,2016-09-10,,8,4,0,,
2635078082,2,False,1876,22,7,2,2016-09-10,,2,9,0,,
2635171989,130,True,2541,22,7,27,2016-09-10,17,3,11,1,,
2635531204,0,True,2019,22,7,2,2016-09-10,17,7,7,0,,
2635614081,1,True,1467,22,7,65,2016-09-10,17,4,4,0,,
2635677516,132,True,1350,22,7,37,2016-09-10,17,1,5,0,,
2635716342,130,True,2110,22,7,51,2016-09-10,17,17,9,0,,
2635766832,128,False,2239,22,7,16,2016-09-11,,4,7,0,,
2635817852,130,False,1381,22,7,51,2016-09-11,17,6,0,0,,
2635854951,0,False,2388,22,7,41,2016-09-11,17,5,5,0,,
2635972809,128,False,1713,22,7,28,2016-09-11,17,7,6,0,,
2636062015,131,True,3247,22,7,65,2016-09-11,17,7,9,0,,
2636199416,129,True,1750,22,7,3,2016-09-11,17,2,8,0,,
2638382258,129,False,2711,22,7,111,2016-09-12,17,15,9,0,,
2638424367,128,False,692,22,7,88,2016-09-12,,1,1,0,,
2638465368,130,True,1936,22,7,41,2016-09-12,,6,5,0,,
2638533231,2,True,1997,22,7,95,2016-09-12,,6,4,0,,
2638584759,0,False,2433,22,7,41,2016-09-12,17,1,6,0,,
2640110986,0,True,1650,22,7,2,2016-09-12,17,4,2,0,,
2640212293,132,False,4023,1,0,111,2016-09-12,,11,12,0,,
2640358158,132,False,4077,22,7,2,2016-09-12,,19,10,0,,
2640442293,3,False,1599,22,7,16,2016-09-12,17,1,10,0,,
2640496639,1,True,1572,22,7,57,2016-09-13,,3,4,0,,
2640525087,0,False,2723,22,7,88,2016-09-13,,9,9,0,,
2640583532,131,False,816,22,7,65,2016-09-13,,5,0,0,,
2640661647,132,False,3381,1,0,88,2016-09-13,,2,6,0,,
2640799427,132,False,1951,22,7,108,2016-09-13,17,7,6,0,,
2640849858,132,False,2000,22,7,65,2016-09-13,17,10,3,0,,
2642375761,2,True,1873,22,7,51,2016-09-13,17,9,4,0,,
2642615016,2,True,2499,22,7,65,2016-09-14,17,4,9,0,,
2642660001,129,False,2516,22,7,111,2016-09-14,17,9,3,0,,
2642891275,2,True,3458,3,7,99,2016-09-14,17,14,9,0,,
2644784306,0,True,2125,22,7,2,2016-09-15,,5,4,0,,
2644862557,131,False,1380,1,0,111,2016-09-15,17,10,0,0,,
2644920054,3,True,2055,3,0,2,2016-09-15,17,3,6,0,,
2644982476,3,True,2103,3,0,79,2016-09-15,17,6,7,0,,
2645053363,3,True,1702,3,0,108,2016-09-15,17,1,4,0,,
2645145905,1,True,1221,1,0,58,2016-09-15,17,5,1,0,,
2646856732,1,True,3220,3,0,65,2016-09-16,17,6,3,0,,
2646923728,1,True,1026,1,0,79,2016-09-16,17,2,1,1,,
2646936796,0,True,3236,22,7,57,2016-09-16,,1,8,0,,
2646992189,3,True,2584,22,7,28,2016-09-16,17,0,2,0,,
2647132080,0,False,2904,22,7,65,2016-09-16,17,3,9,0,,
2647293613,4,False,1481,22,7,32,2016-09-16,,2,13,0,,
2647345347,4,True,1531,22,7,6,2016-09-16,,5,0,0,,
2647429519,128,False,2639,3,7,88,2016-09-16,17,4,4,0,,
2649335717,2,True,1525,22,7,16,2016-09-17,,6,2,0,,
2649496207,3,False,2224,22,7,98,2016-09-17,,3,7,0,,
2649595822,130,True,2468,22,7,111,2016-09-17,,9,10,0,,
2649680630,2,False,1844,22,7,31,2016-09-17,,1,10,0,,
2649789740,4,False,3573,1,0,16,2016-09-17,,12,6,0,,
2649913922,130,False,1252,3,0,2,2016-09-17,,8,2,0,,
2651522627,129,False,1476,2,1,16,2016-09-17,,3,1,0,,
2651601708,4,True,1604,2,1,98,2016-09-17,,9,2,0,,
2651759773,1,True,2499,2,1,98,2016-09-17,,5,4,0,,
2651829590,4,True,1605,2,1,2,2016-09-18,,14,6,0,,
2652239599,132,True,2293,22,7,65,2016-09-18,17,8,7,0,,
2652577268,131,False,1363,1,0,79,2016-09-18,,7,4,0,,
2652652345,131,False,1372,3,0,71,2016-09-18,17,7,4,0,,
2653950095,4,False,3357,2,1,88,2016-09-18,,3,6,0,,
2654065407,132,True,2398,2,1,28,2016-09-18,,5,4,0,,
2655244484,129,False,2637,22,7,88,2016-09-19,17,3,7,0,,
2655357226,130,True,2076,22,7,86,2016-09-19,,2,5,0,,
2656083306,4,True,2177,22,7,28,2016-09-19,,6,6,0,,
2656157447,132,True,1952,22,7,51,2016-09-19,,5,7,0,,
2656275682,4,True,1345,22,7,2,2016-09-20,,8,2,0,,
2656454436,2,True,1975,1,0,96,2016-09-20,,3,3,0,,
2656624631,132,False,2278,1,0,78,2016-09-20,17,7,4,0,,
2657999139,130,True,2497,22,7,84,2016-09-20,,3,13,0,,
2658061322,132,False,3265,22,7,84,2016-09-20,,8,9,0,,
2658127177,129,True,1987,22,7,28,2016-09-20,,7,7,0,,
2658169348,4,True,2454,22,7,44,2016-09-20,,16,5,0,,
2659038113,4,True,2063,3,0,41,2016-09-21,,4,4,0,,
2659664030,132,True,1692,22,7,16,2016-09-21,,4,8,0,,
2660119971,0,True,1652,22,7,41,2016-09-21,17,1,3,0,,
2660373272,4,False,2457,22,7,2,2016-09-22,,8,8,0,,
2660423331,132,True,2477,22,7,44,2016-09-22,,6,9,0,,
2660485919,3,False,1318,22,7,55,2016-09-22,,4,5,0,,
2660557546,132,False,3456,22,7,51,2016-09-22,17,10,12,0,,
2660659347,1,False,1726,22,7,88,2016-09-22,,4,3,0,,
2660713157,3,True,2261,22,7,2,2016-09-22,,23,4,0,,
2660834989,132,False,2099,3,0,38,2016-09-22,17,10,6,0,,
2660904493,132,False,1730,3,0,96,2016-09-22,,2,0,0,,
2660963961,129,False,2653,3,0,78,2016-09-22,,11,6,0,,
2662067846,1,False,2653,22,7,63,2016-09-22,17,5,7,0,,
2662128843,2,True,2306,22,7,16,2016-09-22,,16,4,0,,
2662168493,1,True,1879,22,7,88,2016-09-22,,4,2,0,,
2662210678,1,True,2754,4,0,2,2016-09-23,,21,6,0,,
2662442869,1,False,2204,3,7,88,2016-09-23,,8,7,0,,
2662496655,130,True,2808,3,7,63,2016-09-23,,10,4,0,,
2662573604,4,True,1777,22,7,2,2016-09-23,,11,3,0,,
2664419883,131,True,1925,22,7,63,2016-09-24,17,6,5,0,,
2664459225,131,False,1151,22,7,96,2016-09-24,17,4,2,0,,
2664491691,128,True,2058,22,7,59,2016-09-24,17,6,7,0,,
2664529093,130,True,1612,22,7,28,2016-09-24,,1,8,0,,
2664561926,129,True,1265,22,7,60,2016-09-24,,3,3,0,,
2664592387,129,False,2895,22,7,16,2016-09-24,17,6,11,0,,
2664699275,129,False,2108,22,7,32,2016-09-24,,11,4,0,,
2664778281,132,True,2677,22,7,2,2016-09-24,17,11,7,0,,
2664903078,132,False,2420,22,7,51,2016-09-24,17,4,12,0,,
2664986747,2,True,2177,22,7,41,2016-09-24,,4,4,0,,
2665080409,2,True,3541,22,7,88,2016-09-24,17,6,7,0,,
2667252670,132,False,2957,3,0,41,2016-09-25,,10,7,0,,
2667348340,2,False,1458,22,7,88,2016-09-25,17,1,7,0,,
2667410658,4,False,3325,22,7,88,2016-09-25,17,6,6,0,,
2667509706,0,False,2376,22,7,86,2016-09-25,,4,13,0,,
2667591950,4,True,2857,22,7,2,2016-09-25,,12,9,0,,
2667701650,131,False,1439,3,0,108,2016-09-25,,1,3,0,,
2667792851,3,True,3465,1,0,25,2016-09-25,,6,12,0,,
2668003858,2,False,1814,22,7,2,2016-09-25,,9,8,0,,
2669584772,129,False,3116,22,7,111,2016-09-26,17,4,12,0,,
2669631343,1,False,926,22,7,23,2016-09-26,17,0,3,1,,
2669656796,3,False,2004,22,7,2,2016-09-26,17,7,7,0,,
2669690110,128,True,2366,22,7,79,2016-09-26,17,8,11,0,,
2669733079,3,True,2956,22,7,16,2016-09-26,,4,11,0,,
2669794648,129,False,2578,22,7,88,2016-09-26,17,8,7,0,,
2669852190,128,False,4647,22,7,32,2016-09-26,17,10,9,0,,
2671603649,2,False,1964,22,7,41,2016-09-27,17,0,8,0,,
2671635673,3,True,1729,22,7,2,2016-09-27,,12,4,0,,
2671663936,3,False,2270,22,7,79,2016-09-27,,2,8,0,,
2671702307,4,False,4488,22,7,84,2016-09-27,17,3,16,0,,
2671786105,3,True,2074,22,7,41,2016-09-27,,3,4,0,,
2671862639,128,True,2065,22,7,88,2016-09-27,17,2,3,0,,
2671926055,3,False,2110,3,7,6,2016-09-27,17,6,5,0,,
2671979574,131,True,2498,3,7,48,2016-09-27,17,6,8,0,,
2672040657,132,True,1780,3,7,95,2016-09-27,,1,9,0,,
2672171349,129,False,1700,22,7,2,2016-09-27,,11,4,0,,
2673499229,129,False,2358,22,7,57,2016-09-27,17,3,2,0,,
2673710542,1,True,1678,22,7,79,2016-09-28,,6,5,0,,
2675677517,4,True,2371,4,0,28,2016-09-29,,8,4,0,,
2675712942,130,False,1284,4,0,32,2016-09-29,,8,3,0,,
2675917765,131,True,2199,22,7,57,2016-09-29,17,1,7,0,,
2675971081,130,False,1570,22,7,16,2016-09-29,,6,5,0,,
2676012988,128,False,2351,22,7,2,2016-09-29,,16,6,0,,
2676178578,1,False,1984,3,7,108,2016-09-29,,2,8,0,,
2676253631,129,False,3286,3,7,41,2016-09-29,,5,6,0,,
2676354729,129,False,3352,3,7,2,2016-09-29,,18,13,0,,
2676471477,1,True,3975,3,7,16,2016-09-29,,4,7,0,,
2677560017,2,False,2986,22,7,111,2016-09-29,,2,7,0,,
2677609433,132,False,1995,22,7,57,2016-09-30,17,0,1,0,,
2677996371,130,True,884,22,7,28,2016-09-30,17,0,2,0,,
2678627660,0,True,1445,22,7,28,2016-09-30,,0,5,0,,
2680311261,131,True,2308,22,7,41,2016-10-01,,7,6,0,,
2680460752,4,True,2729,22,7,79,2016-10-01,17,3,11,0,,
2680576488,0,True,3557,22,7,16,2016-10-01,,5,10,0,,
2681322093,4,True,1116,4,0,69,2016-10-01,,2,1,0,,
2681399161,4,True,641,4,0,28,2016-10-01,,2,1,0,,
2681464832,131,True,2371,4,0,74,2016-10-01,,8,9,0,,
2682531123,131,True,1968,22,7,32,2016-10-02,17,3,5,0,,
2682586582,130,True,3050,22,7,88,2016-10-02,17,2,5,0,,
2682752554,132,True,1526,3,7,57,2016-10-02,,2,7,0,,
2682820029,128,True,1747,22,7,8,2016-10-02,17,9,3,0,,
2683364393,4,True,2276,3,7,2,2016-10-02,,20,3,0,,
2683488965,132,True,1896,3,0,95,2016-10-02,17,10,8,0,,
2683586164,4,True,2230,1,0,16,2016-10-02,,15,4,0,,
2685082490,132,True,1984,22,7,87,2016-10-03,17,6,11,0,,
2685137707,3,True,1801,22,7,51,2016-10-03,17,3,9,0,,
2685193876,130,True,1699,22,7,85,2016-10-03,17,3,7,0,,
2685252763,2,True,2152,22,7,23,2016-10-03,17,4,6,0,,
2685331244,0,True,3630,22,7,16,2016-10-03,17,8,6,0,,
2687018540,0,False,1706,22,7,98,2016-10-04,,2,11,0,,
2687079228,128,True,1438,22,7,2,2016-10-04,,6,7,0,,
2687131405,1,True,1887,22,7,16,2016-10-04,,3,6,0,,
2687192232,3,False,1898,22,7,88,2016-10-04,17,5,5,0,,
2687277249,132,True,2835,22,7,84,2016-10-04,17,4,13,0,,
2687367263,3,True,1913,22,7,6,2016-10-04,,5,4,0,,
2687585470,128,True,2050,22,7,16,2016-10-04,,0,11,0,,
2687662810,130,False,2509,22,7,93,2016-10-04,17,34,5,0,,
2687760323,4,False,2669,22,7,5,2016-10-04,17,9,10,0,,
2687874471,4,False,2490,22,7,71,2016-10-04,17,3,14,0,,
2687984205,0,False,1756,22,7,14,2016-10-04,17,3,9,0,,
2688169699,0,True,1453,22,7,75,2016-10-04,17,7,8,0,,
2688238705,129,False,1645,22,7,75,2016-10-04,17,1,3,0,,
2688309600,3,False,2485,22,7,88,2016-10-04,,6,5,0,,
2688409521,0,True,1972,22,7,108,2016-10-04,17,4,3,0,,
2688486681,0,True,2232,22,7,57,2016-10-04,,6,6,0,,
2688575984,0,False,3340,22,7,2,2016-10-04,,12,14,0,,
2689755266,131,False,2211,22,7,57,2016-10-05,,3,7,0,,
2690358746,129,False,2305,22,7,88,2016-10-05,17,7,6,0,,
2690453818,1,True,1600,22,7,108,2016-10-05,17,6,8,0,,
2691902346,128,False,2051,22,7,75,2016-10-06,17,4,8,0,,
2692137879,131,False,1609,22,7,57,2016-10-06,17,2,2,0,,
2692212930,3,True,988,22,7,75,2016-10-06,17,3,0,0,,
2692308253,131,False,1746,4,0,64,2016-10-06,,4,6,0,,
2692672791,4,True,991,4,0,59,2016-10-06,,6,3,0,,
2692717797,132,False,1820,4,0,44,2016-10-06,,9,2,0,,
2692777678,2,True,2382,4,0,10,2016-10-06,,4,3,0,,
2693710690,4,False,3151,3,0,75,2016-10-07,,4,7,0,,
2693822681,132,False,1574,1,0,75,2016-10-07,17,7,4,0,,
2695926868,2,True,1768,1,0,65,2016-10-08,,11,2,0,,
2696014110,2,True,1602,4,0,69,2016-10-08,,6,1,0,,
2696087528,130,False,2121,4,0,78,2016-10-08,,11,5,0,,
2696674128,0,False,1367,22,7,75,2016-10-08,,5,6,0,,
2696764336,132,True,1307,22,7,16,2016-10-08,,1,6,0,,
2696846782,4,False,2827,22,7,108,2016-10-08,,5,8,0,,
2697020025,130,False,2027,22,7,104,2016-10-08,,0,5,0,,
2697637486,3,True,2349,22,7,57,2016-10-08,,1,1,0,,
2697818436,4,True,1875,2,9,28,2016-10-09,,1,3,0,,
2697871883,132,False,2105,2,9,28,2016-10-09,,1,6,0,,
2697932795,132,False,2093,2,9,41,2016-10-09,,4,1,0,,
2699265193,129,False,1722,22,7,79,2016-10-09,,6,3,0,,
2699378621,0,False,1998,22,7,41,2016-10-09,17,2,6,0,,
2699502149,132,False,2792,22,7,88,2016-10-09,17,7,7,0,,
2700200187,132,True,1426,2,1,16,2016-10-10,,5,4,0,,
2701683620,0,False,1599,22,7,65,2016-10-10,17,3,5,0,,
2701745545,132,False,2455,22,7,98,2016-10-10,,9,4,0,,
2701876458,2,True,1884,22,7,98,2016-10-10,,5,3,0,,
2702056173,130,True,482,22,7,108,2016-10-10,17,0,2,1,,
2702072225,130,True,2503,22,7,75,2016-10-10,17,12,9,0,,
2703614251,1,True,1685,22,7,57,2016-10-11,,5,4,0,,
2703685813,3,True,3093,22,7,44,2016-10-11,17,8,8,0,,
2703964771,131,True,1413,22,7,88,2016-10-11,17,2,7,0,,
2704077384,132,False,1933,22,7,57,2016-10-11,17,5,6,0,,
2704240408,130,True,1342,22,7,16,2016-10-12,17,1,5,0,,
2704271485,132,False,1794,4,0,12,2016-10-12,,7,4,0,,
2706073286,128,False,3552,22,7,86,2016-10-12,17,4,6,0,,
2706372214,3,True,2044,3,7,104,2016-10-13,,9,3,0,,
2706441182,3,True,2478,3,7,104,2016-10-13,17,1,6,0,,
2706527454,132,False,1647,3,7,57,2016-10-13,,3,2,0,,
2707496558,2,True,1510,22,7,5,2016-10-13,17,3,2,0,,
2708421560,2,True,2611,3,7,63,2016-10-14,,16,2,0,,
2708494469,132,False,3093,3,7,18,2016-10-14,,14,7,0,,
2708563937,132,False,2549,3,7,78,2016-10-14,,11,3,0,,
2708626496,132,False,2454,3,7,41,2016-10-14,,17,2,0,,
2710548301,1,True,2858,22,7,57,2016-10-15,,0,4,0,,
2710828846,130,False,2035,4,0,63,2016-10-15,,27,1,0,,
2713035993,132,True,2544,22,7,18,2016-10-16,,7,7,0,,
2713217999,3,False,2118,2,9,79,2016-10-16,,2,8,0,,
2713371825,129,False,2268,22,7,79,2016-10-16,,4,5,0,,
2713444046,2,True,1452,22,7,28,2016-10-16,,2,2,0,,
2717955199,128,False,1685,22,7,102,2016-10-18,,7,6,0,,
2721818065,4,True,1189,1,0,102,2016-10-20,17,4,2,0,,
2723268557,130,True,3406,3,0,102,2016-10-20,,5,9,0,,
2723823526,3,True,1387,3,0,102,2016-10-21,,1,2,0,,
2723870780,131,False,2429,1,0,57,2016-10-21,17,8,8,0,,
2725948145,3,True,3968,22,7,86,2016-10-22,17,4,8,0,,
2726108479,2,True,1339,22,7,102,2016-10-22,,2,4,0,,
2728475197,1,True,1954,2,9,28,2016-10-23,,3,5,0,,
2728554454,1,True,820,2,9,57,2016-10-23,,5,0,0,,
2728594948,129,False,2218,2,9,57,2016-10-23,,5,2,0,,
2728905739,4,False,2034,22,7,102,2016-10-23,,5,12,0,,
2731204210,130,False,2044,3,0,60,2016-10-24,,4,2,0,,
2732842897,130,False,2324,22,7,102,2016-10-25,17,6,1,0,,
2732896634,132,False,1164,1,0,102,2016-10-25,,8,2,0,,
2733058059,0,False,2001,22,7,86,2016-10-25,17,0,4,0,,
2733102526,2,True,1346,22,7,63,2016-10-25,17,6,4,0,,
2733149841,0,False,1814,22,7,2,2016-10-25,17,7,10,0,,
2733280578,132,False,2223,1,0,2,2016-10-25,,19,4,0,,
2734855220,132,True,1781,3,0,57,2016-10-26,,2,8,0,,
2734882249,130,False,1937,3,0,57,2016-10-26,,7,2,0,,
2734927422,2,False,1917,3,0,65,2016-10-26,,5,11,0,,
2734981260,131,False,2183,22,7,110,2016-10-26,17,5,2,0,,
2735062465,0,True,1713,22,7,57,2016-10-26,17,7,5,0,,
2735145456,132,False,1548,3,0,14,2016-10-26,17,13,4,0,,
2735188570,4,True,1922,3,0,54,2016-10-26,,5,3,0,,
2735257197,4,True,1767,1,0,104,2016-10-26,,3,4,0,,
2736969761,1,False,2697,1,0,108,2016-10-27,17,5,6,0,,
2737022721,130,True,2701,3,0,54,2016-10-27,,5,8,0,,
2737101226,129,False,1612,1,0,2,2016-10-27,,11,1,0,,
2737261414,132,False,1439,4,0,1,2016-10-27,,11,1,0,,
2737381639,4,True,1506,4,0,37,2016-10-27,,6,3,0,,
2737437568,4,True,1346,4,0,91,2016-10-27,,10,2,0,,
2738949612,2,True,2366,1,0,2,2016-10-28,,16,8,0,,
2739000678,130,False,1648,1,0,51,2016-10-28,,12,2,0,,
2739049258,129,True,2143,22,7,57,2016-10-28,,0,7,0,,
2739166781,129,False,2126,22,7,93,2016-10-28,17,10,5,0,,
2739264960,0,True,1660,3,0,50,2016-10-28,17,4,1,0,,
2741268228,132,True,4366,3,0,2,2016-10-29,,11,16,0,,
2741412161,132,False,1263,1,0,98,2016-10-29,,8,0,0,,
2741492450,0,True,2138,1,0,16,2016-10-29,17,3,4,0,,
2743445731,128,True,2982,2,9,57,2016-10-30,,2,5,0,,
2743670127,4,False,2451,22,7,84,2016-10-30,17,1,10,0,,
2743805399,128,True,1981,22,7,54,2016-10-30,17,6,4,0,,
2743894635,4,True,2816,22,7,5,2016-10-30,17,4,3,0,,
2744082696,130,False,944,22,7,16,2016-10-30,17,7,2,0,,
2746185204,129,True,3174,22,7,101,2016-10-31,,9,9,0,,
2747237580,128,False,2131,22,7,108,2016-10-31,,4,5,0,,
2747343118,132,True,2003,22,7,101,2016-10-31,,5,9,0,,
2747477093,128,True,3932,22,7,60,2016-10-31,,5,17,0,,
2747661826,0,True,2017,22,7,28,2016-10-31,,4,4,0,,
2747731464,3,False,1531,22,7,16,2016-10-31,,4,6,0,,
2747782970,130,True,1166,22,7,102,2016-10-31,17,1,8,1,,
2747828722,132,True,1705,22,7,2,2016-10-31,17,7,10,0,,
2748836493,132,True,1854,22,7,16,2016-11-01,17,0,7,0,,
2748917427,129,False,1895,22,7,60,2016-11-01,17,7,7,0,,
2749004341,3,False,1422,22,7,108,2016-11-01,17,2,5,0,,
2749084970,128,False,1956,22,7,87,2016-11-01,17,2,8,0,,
2749175753,131,False,2572,22,7,84,2016-11-01,17,5,7,0,,
2749292764,1,False,2016,22,7,51,2016-11-01,17,2,7,0,,
2749411667,3,False,1685,22,7,14,2016-11-01,,7,11,0,,
2749505515,4,True,2449,22,7,65,2016-11-01,,5,5,0,,
2749610887,128,False,1791,22,7,2,2016-11-01,17,11,2,0,,
2749690324,4,False,1127,22,7,16,2016-11-01,17,3,10,0,,
2749737011,131,True,1618,22,7,86,2016-11-01,,3,6,0,,
2749804516,1,True,2159,22,7,57,2016-11-01,,2,7,0,,
2749877092,131,False,1625,22,7,16,2016-11-01,,2,8,0,,
2749943669,4,False,2052,22,7,51,2016-11-01,,6,7,0,,
2750540221,4,True,1245,22,7,51,2016-11-02,,8,1,0,,
2751613903,0,True,3038,22,7,2,2016-11-02,,14,10,0,,
2752484474,0,False,2061,22,7,41,2016-11-03,17,1,9,0,,
2752602360,131,False,2264,22,7,51,2016-11-03,17,10,4,0,,
2752667630,129,False,2340,22,7,88,2016-11-03,,3,5,0,,
2753316992,130,True,1203,22,7,101,2016-11-03,17,3,7,0,,
2753380055,0,True,1799,22,7,112,2016-11-03,17,1,7,0,,
2753468226,131,True,807,22,7,101,2016-11-03,17,2,3,1,,
2753521521,3,False,2011,22,7,64,2016-11-03,17,4,7,0,,
2753709398,130,True,3144,22,7,16,2016-11-03,17,1,11,0,,
2753723919,132,False,1801,22,7,57,2016-11-03,,2,5,0,,
2753897306,130,False,2095,22,7,51,2016-11-03,17,14,3,0,,
2754002277,129,True,1950,22,7,98,2016-11-03,,2,8,0,,
2754075207,1,True,2086,22,7,75,2016-11-03,17,0,5,0,,
2754128240,132,False,3348,22,7,16,2016-11-03,17,6,9,0,,
2755729395,131,True,2161,22,7,88,2016-11-04,17,5,8,0,,
2755852036,132,True,3336,22,7,51,2016-11-04,17,5,12,0,,
2756030920,2,False,1827,22,7,75,2016-11-04,17,2,11,0,,
2756227979,130,False,1959,22,7,41,2016-11-04,,3,4,0,,
2756297282,3,True,2404,22,7,101,2016-11-04,,6,10,0,,
2756374315,1,True,1496,22,7,75,2016-11-04,17,1,4,0,,
2756430477,131,True,1032,22,7,75,2016-11-04,,0,6,0,,
2756565028,4,True,2606,22,7,86,2016-11-04,17,2,7,0,,
2756817743,4,True,1895,22,7,40,2016-11-05,,7,1,0,,
2756890930,1,True,2317,22,7,40,2016-11-05,17,4,6,0,,
2759054582,1,False,2576,22,7,28,2016-11-05,,4,7,0,,
2759165223,131,False,2034,22,7,2,2016-11-05,,25,6,0,,
2759224638,3,True,1872,22,7,65,2016-11-05,,12,3,0,,
2759276888,131,False,2108,22,7,41,2016-11-06,,2,0,0,,
2759358708,128,False,1791,2,9,28,2016-11-06,,1,5,0,,
2759412737,128,False,1682,2,9,98,2016-11-06,,8,2,0,,
2759479296,0,True,2068,2,9,2,2016-11-06,,6,5,0,,
2759611184,3,True,1600,22,7,57,2016-11-06,,0,1,0,,
2761608396,131,False,3394,22,7,16,2016-11-06,17,4,12,0,,
2761689655,131,True,1295,22,7,29,2016-11-06,,1,8,0,,
2761884321,132,False,1952,3,0,102,2016-11-07,,5,6,0,,
2761927890,132,False,2131,1,0,97,2016-11-07,17,5,5,0,,
2761970466,130,True,3157,3,7,97,2016-11-07,,3,12,0,,
2762046261,2,True,1615,22,7,41,2016-11-07,,5,0,0,,
2762110170,128,False,2054,22,7,86,2016-11-07,17,2,10,0,,
2763382177,4,True,3380,1,0,86,2016-11-07,17,7,7,0,,
2763558023,130,False,2299,3,0,102,2016-11-07,,2,6,0,,
2763622223,132,False,1360,1,0,63,2016-11-07,,9,1,0,,
2763660270,132,True,2466,3,0,54,2016-11-07,,5,3,0,,
2763709917,3,False,2557,3,0,67,2016-11-07,,0,11,0,,
2764012819,132,False,1962,1,0,14,2016-11-08,,13,5,0,,
2767242698,0,True,1293,22,7,28,2016-11-09,17,6,1,0,,
2767294340,1,True,1702,22,7,2,2016-11-09,17,11,5,0,,
2767662998,3,True,2223,3,0,104,2016-11-09,17,3,9,0,,
2767705793,4,True,1975,1,0,28,2016-11-09,,16,5,0,,
2767939184,2,False,2402,22,7,64,2016-11-10,17,4,14,0,,
2767987323,0,True,2275,22,7,40,2016-11-10,17,1,10,0,,
2768053126,3,False,2786,1,0,65,2016-11-10,17,8,5,0,,
2768123821,129,False,1997,3,0,65,2016-11-10,,10,7,0,,
2768175272,131,False,1496,1,0,98,2016-11-10,17,2,3,0,,
2769921654,3,False,1403,22,7,57,2016-11-11,,0,6,0,,
2769954319,2,True,2435,22,7,51,2016-11-11,17,5,8,0,,
2770047074,130,True,2805,3,0,23,2016-11-11,17,3,10,0,,
2770120681,130,False,3066,3,0,64,2016-11-11,17,1,15,0,,
2771870693,4,True,1231,3,0,103,2016-11-11,17,3,2,0,,
2771907719,4,True,1875,3,0,51,2016-11-11,17,9,2,0,,
2772052787,2,True,3730,1,0,51,2016-11-12,,10,15,0,,
2772126717,130,True,3328,3,0,98,2016-11-12,,6,6,0,,
2772232210,2,True,2395,4,0,110,2016-11-12,,6,6,0,,
2772305752,132,False,2351,4,0,89,2016-11-12,17,4,5,0,,
2772453311,4,True,1143,22,7,103,2016-11-12,17,2,2,0,,
2772563252,128,False,1554,4,0,86,2016-11-12,17,13,2,0,,
2774447520,131,True,2094,4,0,42,2016-11-12,17,5,5,2,,
2774516851,4,True,1408,4,0,40,2016-11-12,17,5,5,0,,
2774562592,4,True,2145,4,0,30,2016-11-12,17,10,11,0,,
2774806191,1,True,1605,2,9,16,2016-11-13,17,6,2,0,,
2774858661,129,True,2125,2,9,57,2016-11-13,17,0,10,0,,
2775112557,131,True,1031,22,7,20,2016-11-13,17,1,3,1,,
2775158834,3,True,1913,22,7,103,2016-11-13,17,1,8,0,,
2776927758,131,False,2374,3,0,51,2016-11-13,17,26,6,0,,
2776997822,3,False,3344,3,0,2,2016-11-13,17,13,22,0,,
2777070896,131,False,1639,3,0,104,2016-11-13,17,8,4,0,,
2777145661,3,True,1155,3,0,78,2016-11-14,,1,0,0,,
2777170364,131,False,1714,3,0,102,2016-11-14,,4,5,0,,
2777204585,4,True,1752,3,0,71,2016-11-14,,8,3,0,,
2777298703,2,False,1718,22,7,40,2016-11-14,17,1,5,0,,
2777381204,1,True,2580,22,7,17,2016-11-14,17,9,9,0,,
2777451537,129,False,2684,1,0,65,2016-11-14,17,10,8,0,,
2777568885,132,True,3127,22,7,65,2016-11-14,,7,9,0,,
2778939628,132,False,2570,22,7,2,2016-11-14,,9,6,0,,
2779043191,130,False,2903,3,0,65,2016-11-14,17,8,11,0,,
2779110578,132,True,2113,3,0,97,2016-11-14,17,3,6,1,,
2779192687,131,False,3530,22,7,51,2016-11-15,17,16,11,0,,
2779246630,131,True,1730,1,0,51,2016-11-15,17,2,5,1,,
2779278262,1,True,2359,4,0,74,2016-11-15,17,10,3,0,,
2779421034,130,True,2068,22,7,55,2016-11-15,,0,6,0,,
2779473007,0,True,1720,22,7,41,2016-11-15,17,3,2,0,,
2779523422,128,True,1608,22,7,57,2016-11-15,,4,1,0,,
2779621808,128,False,2155,22,7,16,2016-11-15,,5,7,0,,
2779852092,0,True,3196,3,0,102,2016-11-15,,9,4,0,,
2779951841,0,True,2415,1,0,93,2016-11-15,17,13,6,0,,
2781108554,0,False,2870,22,7,51,2016-11-15,,7,5,0,,
2781162947,4,True,2890,22,7,2,2016-11-15,,11,11,0,,
2781214618,132,True,1942,22,7,98,2016-11-16,,2,7,0,,
2781253440,129,True,1325,22,7,51,2016-11-16,,6,6,0,,
2781315594,132,True,1983,3,0,96,2016-11-16,,1,7,0,,
2781357357,132,True,1707,22,7,87,2016-11-16,17,3,8,0,,
2781393728,131,True,2239,22,7,112,2016-11-16,17,3,9,0,,
2781444507,131,True,3505,22,7,16,2016-11-16,,1,16,0,,
2781577678,130,True,1367,22,7,28,2016-11-16,17,3,5,0,,
2781624044,1,True,1093,22,7,41,2016-11-16,,3,0,0,,
2781681542,4,False,1554,22,7,86,2016-11-16,17,5,7,0,,
2783361356,1,True,2834,22,7,28,2016-11-17,,5,10,0,,
2783448362,132,True,2301,22,7,84,2016-11-17,,3,6,0,,
2783497994,3,True,1549,22,7,57,2016-11-17,,2,4,0,,
2783541838,3,True,2037,22,7,65,2016-11-17,17,7,1,0,,
2783628757,131,False,2126,3,0,55,2016-11-17,17,8,4,0,,
2783706077,131,False,1994,3,0,87,2016-11-17,17,2,5,0,,
2785376382,129,False,1393,22,7,28,2016-11-18,17,2,0,0,,
2785454530,4,True,2067,22,7,54,2016-11-18,,6,6,0,,
2785497758,131,False,2125,22,7,88,2016-11-18,,2,6,0,,
2785603339,129,False,2175,3,0,2,2016-11-18,,9,7,0,,
2785661199,129,False,1733,3,7,110,2016-11-18,17,4,8,0,,
2785708069,1,False,3421,3,7,16,2016-11-18,17,5,12,0,,
2787764369,128,False,1149,22,7,98,2016-11-19,17,11,3,0,,
2787834220,131,False,1943,22,7,51,2016-11-19,17,1,6,0,,
2790382621,3,True,1751,2,9,65,2016-11-20,17,2,5,0,,
2790439561,131,True,1350,2,9,104,2016-11-20,17,3,5,0,,
2790594469,129,False,3216,22,7,75,2016-11-20,17,3,7,0,,
2790723020,132,False,2027,3,7,28,2016-11-20,,4,7,0,,
2790807390,129,False,3067,3,0,98,2016-11-20,,4,8,0,,
2808372594,131,True,2653,3,0,63,2016-11-28,,5,8,0,,
2808475565,129,False,2155,22,7,51,2016-11-28,,9,4,0,,
2808542571,132,False,2702,3,0,71,2016-11-28,,13,7,0,,
2810368871,2,True,1319,4,0,51,2016-11-29,,8,0,0,,
2810398610,2,True,1691,4,0,38,2016-11-29,,2,3,0,,
2810434542,0,False,1626,22,7,88,2016-11-29,17,2,5,0,,
2810470434,131,True,1449,22,7,26,2016-11-29,17,5,12,0,,
2810502907,132,True,1869,22,7,63,2016-11-29,17,2,10,0,,
2810546258,130,False,4038,22,7,5,2016-11-29,,4,12,0,,
2810637345,1,False,1771,22,7,102,2016-11-29,17,0,5,0,,
2810695795,1,False,2048,22,7,75,2016-11-29,,5,9,0,,
2810756210,131,True,2221,22,7,32,2016-11-29,17,7,12,0,,
2811521799,4,True,1694,22,7,75,2016-11-29,,1,1,0,,
2811610333,128,False,2036,22,7,16,2016-11-29,,7,6,0,,
2811969385,132,False,2600,4,0,60,2016-11-29,,13,3,0,,
2812046704,131,False,3117,22,7,75,2016-11-29,,13,9,0,,
2812598214,0,False,2223,22,7,83,2016-11-30,17,2,8,0,,
2812653080,2,False,1396,22,7,41,2016-11-30,,1,0,0,,
2812731073,130,False,1696,22,7,16,2016-11-30,,3,5,0,,
2812866492,128,True,1091,22,7,41,2016-11-30,17,0,1,0,,
2812904116,128,True,2648,22,7,84,2016-11-30,17,4,11,0,,
2812989307,2,True,1741,22,7,84,2016-11-30,,5,5,0,,
2813052556,132,True,2309,22,7,57,2016-11-30,,3,12,0,,
2813130948,1,True,1343,22,7,16,2016-11-30,,1,4,0,,
2813437747,129,False,1382,22,7,108,2016-11-30,17,6,3,0,,
2813539948,132,True,1257,22,7,108,2016-11-30,,1,7,0,,
2813684333,131,False,2151,22,7,75,2016-11-30,17,4,6,0,,
2813960607,129,True,2266,22,7,14,2016-11-30,,2,10,0,,
2814060365,1,True,2060,22,7,40,2016-11-30,17,1,2,0,,
2814537295,129,False,2159,22,7,16,2016-12-01,,5,7,0,,
2814664830,1,True,3338,22,7,98,2016-12-01,17,9,11,0,,
2814739114,1,False,2297,22,7,41,2016-12-01,17,1,8,0,,
2814843829,130,False,1015,22,7,87,2016-12-01,17,0,0,0,,
2814876663,1,True,1950,22,7,75,2016-12-01,,1,5,0,,
2815112301,4,True,1969,1,0,79,2016-12-01,,1,2,0,,
2816595409,4,True,1696,22,7,65,2016-12-02,,10,3,0,,
2816687808,128,True,2046,22,7,57,2016-12-02,17,0,7,0,,
2816751212,3,False,1844,22,7,51,2016-12-02,,3,7,0,,
2816812092,3,True,2370,22,7,16,2016-12-02,,7,5,0,,
2816971377,3,False,2207,22,7,23,2016-12-02,,2,11,0,,
2817629581,1,True,1355,22,7,88,2016-12-02,,5,3,0,,
2817774799,3,True,2142,22,7,16,2016-12-02,,4,4,0,,
2818331825,4,False,2707,4,0,64,2016-12-02,,5,14,0,,
2818446669,132,True,1563,22,7,41,2016-12-02,,2,3,0,,
2819026717,132,True,1243,22,7,108,2016-12-03,,1,4,0,,
2819119294,130,False,2491,22,7,98,2016-12-03,17,20,4,0,,
2821424210,128,False,1899,2,9,28,2016-12-04,17,3,6,0,,
2821482678,0,True,3458,2,9,40,2016-12-04,,7,7,0,,
2821598950,0,False,1822,2,9,88,2016-12-04,,7,8,0,,
2823927002,2,False,1261,22,7,84,2016-12-05,17,2,11,0,,
2823966039,0,False,2634,22,7,41,2016-12-05,17,2,9,0,,
2824033995,2,True,2763,22,7,98,2016-12-05,,10,7,0,,
2824123435,0,True,873,22,7,16,2016-12-05,17,3,3,0,,
2824162267,3,True,1307,22,7,63,2016-12-05,17,6,3,0,,
2824291709,2,True,895,4,0,57,2016-12-05,,7,0,0,,
2824324862,130,False,2632,4,0,60,2016-12-05,,3,6,0,,
2824425548,131,True,2792,22,7,75,2016-12-05,,4,7,0,,
2824817378,4,True,2353,22,7,85,2016-12-05,17,0,7,0,,
2824948242,129,False,434,22,7,65,2016-12-05,17,1,1,0,,
2825041473,132,False,2362,1,0,78,2016-12-05,,16,7,0,,
2826015882,131,True,2030,22,7,16,2016-12-06,,7,8,0,,
2826064074,129,True,2643,22,7,23,2016-12-06,,0,13,0,,
2826135467,0,True,1956,22,7,51,2016-12-06,,3,12,0,,
2826187178,3,True,1978,22,7,28,2016-12-06,17,3,9,0,,
2826449468,1,True,1589,4,0,100,2016-12-06,17,7,6,0,,
2826532073,4,True,1397,3,0,2,2016-12-06,,7,2,0,,
2826732168,0,True,3854,22,7,75,2016-12-06,17,1,7,0,,
2826891630,2,False,1431,22,7,37,2016-12-06,17,1,4,0,,
2828056203,128,True,2029,22,7,98,2016-12-07,,1,4,0,,
2828108359,2,False,2201,22,7,71,2016-12-07,,1,12,0,,
2828200172,131,True,3359,22,7,98,2016-12-07,,6,12,0,,
2828295196,128,False,1241,22,7,37,2016-12-07,17,2,2,0,,
2828342140,2,False,1347,22,7,57,2016-12-07,17,0,5,0,,
2828398824,3,False,1978,22,7,63,2016-12-07,,4,4,0,,
2829123744,2,False,3321,22,7,98,2016-12-07,17,8,8,0,,
2829346612,2,False,2216,22,7,41,2016-12-07,17,6,7,0,,
2830029336,130,True,1410,22,7,63,2016-12-08,17,2,6,0,,
2830062801,132,False,2446,22,7,16,2016-12-08,17,1,9,0,,
2830972079,2,True,1759,22,7,16,2016-12-08,,1,6,0,,
2831102312,130,False,1987,22,7,37,2016-12-08,,10,3,0,,
2831500196,128,False,3255,22,7,75,2016-12-08,,1,8,0,,
2832069025,131,True,2081,22,7,51,2016-12-09,17,3,14,0,,
2832889400,128,True,1100,22,7,51,2016-12-09,17,2,4,0,,
2832951587,128,False,1508,22,7,87,2016-12-09,17,3,4,0,,
2833028236,128,False,2478,22,7,88,2016-12-09,17,3,8,0,,
2833159009,2,False,1521,22,7,41,2016-12-09,,1,5,0,,
2833274871,129,True,2206,22,7,16,2016-12-09,17,5,9,0,,
2833677513,2,False,1525,22,7,32,2016-12-09,17,0,9,0,,
2833758987,2,False,4293,22,7,16,2016-12-09,,5,19,0,,
2834065225,129,True,1757,22,7,85,2016-12-09,17,2,11,0,,
2834116926,1,True,1297,22,7,51,2016-12-09,,4,1,0,,
2834179119,1,False,1501,22,7,55,2016-12-09,,5,8,0,,
2834226366,4,False,3435,22,7,16,2016-12-10,,9,8,0,,
2834337845,0,True,2715,22,7,51,2016-12-10,17,7,4,0,,
2834469169,4,True,1750,22,7,16,2016-12-10,,6,6,0,,
2834521269,128,False,3367,22,7,87,2016-12-10,,2,13,0,,
2836035506,132,True,3273,1,0,104,2016-12-10,17,6,12,0,,
2837303180,3,True,1813,3,7,2,2016-12-11,17,13,3,0,,
2837363991,3,True,1637,3,7,108,2016-12-11,17,5,3,0,,
2838591483,129,False,1662,22,7,2,2016-12-11,,3,5,0,,
2838694672,132,True,2135,22,7,16,2016-12-11,,3,8,0,,
2838820363,130,True,2348,22,7,65,2016-12-11,17,1,8,0,,
2838928832,4,False,3248,22,7,79,2016-12-11,17,3,12,0,,
2839450926,2,True,2840,3,7,88,2016-12-11,,3,9,0,,
2839537828,131,False,2674,22,7,79,2016-12-11,,6,4,0,,
2840669475,131,False,2191,1,0,21,2016-12-12,,20,4,0,,
2840779119,3,True,1766,1,0,97,2016-12-12,17,5,2,0,,
2840870720,131,False,2034,1,0,48,2016-12-12,17,20,3,0,,
2840978190,3,True,2860,1,0,41,2016-12-12,17,15,9,0,,
2841115607,3,True,2213,1,0,18,2016-12-12,,6,5,2,,
2841222045,3,True,1752,1,0,81,2016-12-12,,15,9,0,,
2842041082,2,True,2384,3,7,28,2016-12-13,,11,5,0,,
2842088308,2,True,954,3,7,63,2016-12-13,,5,0,0,,
2843121585,4,True,1932,1,0,28,2016-12-13,,5,2,0,,
2843252972,132,True,2199,1,0,28,2016-12-13,,10,8,0,,
2843412208,3,True,1545,1,0,97,2016-12-13,17,5,2,0,,
2844073680,3,True,2954,22,7,28,2016-12-13,17,6,11,0,,
2844176140,1,True,1967,22,7,28,2016-12-13,,11,2,0,,
2844242405,131,True,2153,22,7,28,2016-12-13,,3,12,0,,
2844552107,130,True,3335,1,0,32,2016-12-14,,12,13,0,,
2845693165,4,False,1782,22,7,32,2016-12-14,,4,7,0,,
2845804493,2,False,1931,22,7,28,2016-12-14,17,3,6,0,,
2845923437,3,True,1913,22,7,28,2016-12-14,17,3,6,0,,
2846030300,2,True,3254,22,7,51,2016-12-14,,8,9,0,,
2846200230,128,False,2326,22,7,104,2016-12-14,17,6,10,0,,
2846471618,128,True,3813,22,7,28,2016-12-14,17,4,10,0,,
2846633160,131,False,1778,22,7,16,2016-12-14,17,11,6,0,,
2851002638,128,False,2673,22,7,51,2016-12-16,17,13,7,0,,
2851252835,130,False,2667,1,0,16,2016-12-16,17,6,7,0,,
2851323406,2,True,2718,3,0,78,2016-12-16,,9,5,0,,
2851430707,131,True,1919,22,7,78,2016-12-16,,1,9,0,,
2851469017,4,False,3047,22,7,101,2016-12-17,,8,17,0,,
2851519318,130,True,1532,22,7,114,2016-12-17,,0,11,0,,
2851551455,130,False,3540,22,7,71,2016-12-17,,13,15,0,,
2853313297,132,False,2262,22,7,2,2016-12-17,,17,6,0,,
2854123521,0,False,1616,22,7,8,2016-12-17,,3,7,0,,
2854166249,2,False,1954,22,7,88,2016-12-18,,1,11,0,,
2854211190,4,False,1901,22,7,98,2016-12-18,17,2,6,0,,
2854255981,131,False,1621,22,7,16,2016-12-18,17,8,3,0,,
2854348222,130,False,2894,2,9,55,2016-12-18,17,6,4,0,,
2854433862,2,False,2301,2,9,55,2016-12-18,,5,3,0,,
2856103621,2,True,1677,22,7,51,2016-12-18,17,6,3,0,,
2856179574,131,False,2777,22,7,86,2016-12-18,17,4,9,0,,
2856292029,128,True,2319,22,7,108,2016-12-18,,5,8,0,,
2856444470,130,True,2140,22,7,28,2016-12-18,17,2,8,0,,
2856513855,132,True,2603,22,7,71,2016-12-18,17,3,16,0,,
2856587385,1,True,821,22,7,78,2016-12-18,17,1,4,0,,
2856621419,131,False,3056,22,7,16,2016-12-18,,7,16,0,,
2856855899,3,False,2757,1,0,38,2016-12-19,17,10,8,0,,
2856912579,3,True,1243,1,0,2,2016-12-19,,8,4,0,,
2856944333,3,True,2120,1,0,70,2016-12-19,,20,5,0,,
2856994286,3,True,2571,3,0,90,2016-12-19,,7,1,0,,
2857058535,3,False,2292,1,0,44,2016-12-19,,8,10,0,,
2857117682,3,False,2449,1,0,16,2016-12-19,,6,10,0,,
2857182335,3,True,1774,1,0,35,2016-12-19,,12,1,0,,
2858377741,130,True,3597,22,7,51,2016-12-19,,7,11,0,,
2858527574,3,False,2875,22,7,101,2016-12-19,,6,9,0,,
2858620451,3,False,2820,22,7,108,2016-12-19,17,3,11,0,,
2858698139,128,False,1685,22,7,86,2016-12-19,17,3,5,0,,
2858742731,130,True,2101,22,7,54,2016-12-19,17,4,7,0,,
2858811280,3,True,1931,22,7,55,2016-12-19,17,0,3,0,,
2858846872,3,False,2325,22,7,28,2016-12-19,17,3,9,0,,
2858888473,130,False,1755,22,7,88,2016-12-20,17,1,4,0,,
2858937940,130,False,1652,22,7,51,2016-12-20,,6,3,0,,
2858971596,129,False,1596,22,7,51,2016-12-20,,5,6,0,,
2859009888,3,True,2041,1,0,16,2016-12-20,,5,4,0,,
2859054754,3,True,1706,1,0,87,2016-12-20,17,8,5,0,,
2859095769,131,False,2355,1,0,81,2016-12-20,,16,6,0,,
2859149317,3,False,3386,3,0,15,2016-12-20,17,6,8,0,,
2859238237,131,False,1936,1,0,50,2016-12-20,,3,7,0,,
2860566663,128,True,2323,22,7,75,2016-12-20,17,1,10,0,,
2860650898,2,False,2235,22,7,28,2016-12-20,17,0,8,0,,
2860729774,2,True,3338,22,7,62,2016-12-20,17,5,6,0,,
2860826793,129,True,1322,22,7,63,2016-12-20,,6,5,0,,
2860871100,4,True,2026,22,7,51,2016-12-20,,2,3,0,,
2860922071,130,True,2424,22,7,75,2016-12-20,,6,5,0,,
2860975599,0,False,2464,22,7,75,2016-12-20,17,1,10,0,,
2861057160,2,False,1284,22,7,51,2016-12-21,17,3,4,0,,
2861097608,132,False,1887,22,7,114,2016-12-21,,8,8,0,,
2861143998,131,True,1396,22,7,51,2016-12-21,,1,7,0,,
2861176886,129,False,1974,22,7,114,2016-12-21,,5,7,0,,
2861222816,4,True,1399,22,7,101,2016-12-21,,4,1,0,,
2861260018,2,True,1954,22,7,31,2016-12-21,,5,4,0,,
2861293330,132,False,1596,22,7,63,2016-12-21,,13,4,0,,
2863214793,1,True,1469,1,0,102,2016-12-22,,5,4,0,,
2863433781,0,True,1745,22,7,57,2016-12-22,,1,3,0,,
2863497375,132,False,3130,22,7,104,2016-12-22,,7,11,0,,
2865652361,131,True,2850,22,7,98,2016-12-23,,12,8,0,,
2865740199,130,False,1683,22,7,63,2016-12-23,17,8,2,0,,
2867143909,131,False,1566,22,7,16,2016-12-24,17,9,2,0,,
2867185512,4,False,2540,22,7,86,2016-12-24,17,2,10,0,,
2867236187,3,True,3108,22,7,63,2016-12-24,17,15,4,0,,
2867311162,2,False,3002,22,7,48,2016-12-24,17,6,10,0,,
2867392539,129,True,1723,22,7,104,2016-12-24,17,6,8,0,,
2867481048,130,False,1320,22,7,104,2016-12-24,17,6,1,0,,
2867531449,128,True,1994,22,7,5,2016-12-24,,2,8,0,,
2867670145,2,True,1357,22,7,114,2016-12-24,17,10,3,0,,
2869330985,130,False,1830,4,0,42,2016-12-24,17,2,4,0,,
2869641928,131,False,1914,1,0,64,2016-12-25,,9,3,0,,
2869685991,131,False,1522,4,0,20,2016-12-25,,4,1,0,,
2869718640,3,True,2613,4,0,60,2016-12-25,,9,6,0,,
2869781842,128,False,2071,22,7,87,2016-12-25,17,2,7,0,,
2869834368,0,False,2227,22,7,55,2016-12-25,17,5,5,0,,
2869893848,130,True,2359,22,7,52,2016-12-25,17,5,9,0,,
2869977305,128,False,4220,22,7,16,2016-12-25,17,11,12,0,,
2870181398,131,False,2050,1,0,64,2016-12-25,,0,10,0,,
2872154630,128,True,2673,22,7,64,2016-12-26,17,10,12,0,,
2872210504,132,False,2738,22,7,85,2016-12-26,,4,9,0,,
2872276566,128,False,1676,22,7,20,2016-12-26,17,2,3,0,,
2872324642,2,True,1640,22,7,79,2016-12-26,17,3,7,0,,
2872372091,132,True,2565,22,7,31,2016-12-26,17,3,9,0,,
2874230842,132,False,2345,22,7,64,2016-12-26,17,7,4,0,,
2874272880,2,True,2137,22,7,16,2016-12-27,17,4,4,0,,
2874341333,2,True,2776,22,7,63,2016-12-27,17,13,3,0,,
2874414285,0,False,1834,22,7,63,2016-12-27,17,6,7,0,,
2874605553,131,False,1217,22,7,108,2016-12-27,17,4,2,0,,
2876600320,1,True,3040,22,7,79,2016-12-28,17,2,9,0,,
2876664537,131,True,1295,22,7,55,2016-12-28,,1,7,0,,
2876698972,1,True,1867,22,7,51,2016-12-28,17,11,2,0,,
2876750425,1,True,2405,22,7,63,2016-12-28,17,11,2,0,,
2877240447,3,True,2536,3,0,104,2016-12-28,,9,5,0,,
2877333874,3,True,2193,3,0,104,2016-12-28,,9,3,0,,
2878741775,130,False,1360,22,7,51,2016-12-29,17,9,0,0,,
2878829392,2,False,2116,22,7,5,2016-12-29,,2,7,0,,
2878874784,2,False,2320,22,7,114,2016-12-29,17,2,6,0,,
2878927208,128,False,2573,22,7,86,2016-12-29,17,2,4,0,,
2878988438,3,True,3547,22,7,86,2016-12-29,17,2,7,0,,
2879170596,130,False,3070,1,0,31,2016-12-29,,6,6,0,,
2879258794,130,False,2266,3,0,108,2016-12-29,17,6,7,0,,
2879333352,2,False,2008,3,0,28,2016-12-29,,1,5,0,,
2881196124,3,True,2766,22,7,28,2016-12-30,,5,8,0,,
2883434196,1,True,3368,22,7,108,2016-12-31,17,1,11,0,,
2883871541,132,False,1860,4,0,101,2016-12-31,,11,5,0,,
2883948071,129,True,1969,4,0,52,2016-12-31,,7,10,0,,
2884175955,130,False,3380,4,0,72,2016-12-31,17,9,4,0,,
2885847359,2,True,3327,1,0,114,2017-01-01,,12,5,0,,
2885926673,2,True,1537,1,0,55,2017-01-01,,10,2,0,,
2885979478,131,False,2902,1,0,44,2017-01-01,17,11,1,0,,
2888075514,3,True,1360,22,7,88,2017-01-02,17,1,5,0,,
2888253331,3,True,5274,22,7,16,2017-01-02,,4,9,0,,
2888560005,129,True,1219,3,0,98,2017-01-02,,4,6,0,,
2888637341,129,False,2460,1,0,30,2017-01-02,17,14,7,0,,
2890801974,4,False,1692,22,7,88,2017-01-03,17,3,4,0,,
2890864576,4,False,2116,22,7,51,2017-01-03,17,8,8,0,,
2891461078,128,False,1832,22,7,31,2017-01-03,17,2,3,0,,
2891551123,4,False,2295,22,7,104,2017-01-03,17,6,12,0,,
2891663403,128,True,1492,22,7,28,2017-01-03,17,0,7,0,,
2891739338,3,False,2668,22,7,87,2017-01-03,17,2,11,0,,
2891841991,130,True,3903,22,7,86,2017-01-03,17,4,14,0,,
2892580854,130,False,2294,22,7,79,2017-01-04,,4,12,0,,
2892632847,132,True,2830,22,7,79,2017-01-04,17,3,7,0,,
2892732679,4,False,1545,1,0,104,2017-01-04,17,2,6,3,,
2892788256,1,True,2092,22,7,28,2017-01-04,,6,5,0,,
2892846136,130,True,2623,22,7,63,2017-01-04,17,18,10,0,,
2892977629,130,False,3002,22,7,84,2017-01-04,17,8,8,0,,
2894454835,128,False,2755,22,7,86,2017-01-04,,1,10,0,,
2894520781,131,True,3157,22,7,86,2017-01-04,,3,14,0,,
2894703025,1,True,1692,22,7,51,2017-01-05,17,6,1,0,,
2894794899,0,False,2283,22,7,108,2017-01-05,,5,8,0,,
2894846693,130,True,3015,22,7,2,2017-01-05,,9,7,0,,
2894921994,0,False,1566,22,7,51,2017-01-05,,1,8,0,,
2894969138,0,True,2032,22,7,110,2017-01-05,,5,4,0,,
2895024168,0,True,2248,22,7,79,2017-01-05,,3,11,0,,
2895088630,2,False,2256,22,7,104,2017-01-05,17,2,10,0,,
2895166002,0,True,2706,22,7,84,2017-01-05,17,2,8,0,,
2895685717,130,True,1616,22,7,51,2017-01-05,17,8,8,0,,
2895809599,2,True,1636,22,7,16,2017-01-05,17,4,5,0,,
2895899814,2,False,2541,22,7,79,2017-01-05,17,6,5,0,,
2896025738,132,True,1897,22,7,98,2017-01-05,,2,6,0,,
2896190614,0,True,2167,22,7,79,2017-01-05,17,6,6,0,,
2896275308,4,False,2164,22,7,79,2017-01-05,17,1,6,0,,
2896357472,131,True,1314,22,7,110,2017-01-05,,0,9,0,,
2897136123,132,False,1714,22,7,108,2017-01-06,17,4,3,0,,
2897348558,132,True,1571,3,0,57,2017-01-06,,3,5,0,,
2897411799,4,False,4056,1,0,51,2017-01-06,,13,18,0,,
2897608350,132,True,2812,22,7,108,2017-01-06,,1,7,0,,
2897726200,128,True,1677,22,7,84,2017-01-06,17,2,6,0,,
2897828495,130,True,1281,22,7,86,2017-01-06,,0,6,0,,
2897899573,1,False,1530,22,7,65,2017-01-06,,1,9,0,,
2898031995,128,False,2327,22,7,28,2017-01-06,17,1,6,0,,
2898151852,128,True,3293,22,7,51,2017-01-06,17,10,13,0,,
2898339428,4,False,1937,22,7,79,2017-01-06,,3,8,0,,
2898546574,129,True,1326,22,7,57,2017-01-06,,0,4,0,,
2898606669,132,True,1068,22,7,96,2017-01-06,17,0,5,0,,
2900627357,1,False,2303,22,7,79,2017-01-07,,1,2,0,,
2900952867,2,True,1689,3,0,2,2017-01-07,,22,1,0,,
2901043801,130,False,1846,1,0,28,2017-01-07,,3,3,0,,
2901122540,131,False,1179,22,7,108,2017-01-07,,4,1,0,,
2901280276,131,True,1698,22,7,16,2017-01-07,,2,7,0,,
2901365287,0,True,1725,22,7,88,2017-01-07,,2,5,0,,
2901410821,0,True,2886,22,7,28,2017-01-07,17,2,8,0,,
2901469717,4,False,2442,22,7,63,2017-01-08,,7,7,0,,
2901556158,130,True,2817,22,7,108,2017-01-08,17,4,11,0,,
2901628537,128,False,2465,22,7,28,2017-01-08,,6,5,0,,
2903953355,0,False,2012,22,7,51,2017-01-09,17,4,9,0,,
2903996162,3,True,2044,22,7,51,2017-01-09,,11,6,0,,
2904103960,1,False,2043,22,7,86,2017-01-09,17,1,7,0,,
2904173099,0,True,1762,22,7,108,2017-01-09,,7,4,0,,
2904293023,1,True,1198,22,7,108,2017-01-09,17,4,1,0,,
2904337898,4,True,2375,22,7,86,2017-01-09,,3,5,0,,
2904420725,131,True,1883,22,7,88,2017-01-09,17,5,6,0,,
2905512407,129,True,2574,22,7,98,2017-01-09,17,5,11,0,,
2905589859,1,True,1876,22,7,84,2017-01-09,,2,1,0,,
2905857460,0,True,2217,22,7,16,2017-01-10,,5,4,0,,
2905984680,131,False,1607,22,7,108,2017-01-10,17,9,1,0,,
2906028239,4,True,2102,22,7,51,2017-01-10,17,6,3,0,,
2906070076,0,True,2976,22,7,108,2017-01-10,17,1,7,0,,
2906172933,128,True,4303,22,7,104,2017-01-10,,14,16,0,,
2909772734,131,False,1882,22,7,108,2017-01-11,,4,7,0,,
2909921573,132,True,2873,22,7,104,2017-01-12,17,10,7,0,,
2909989452,132,True,2092,2,1,28,2017-01-12,21,0,7,0,,
2910035838,4,True,2600,2,1,55,2017-01-12,21,2,2,0,,
2910159202,128,False,1543,22,7,108,2017-01-12,,5,1,0,,
2910234070,1,True,2450,22,7,84,2017-01-12,17,6,8,0,,
2911799739,1,True,1306,22,7,51,2017-01-13,17,11,4,0,,
2911839253,132,False,1771,4,0,38,2017-01-13,,12,4,0,,
2911888630,128,True,1266,22,7,28,2017-01-13,,2,4,0,,
2911919380,132,False,3105,3,0,101,2017-01-13,,10,10,0,,
2911991897,0,False,1738,22,7,28,2017-01-13,17,3,7,0,,
2912058804,2,True,921,22,7,108,2017-01-13,,4,2,0,,
2912084649,128,True,2037,22,7,88,2017-01-13,,2,9,0,,
2913794640,1,False,2482,22,7,51,2017-01-13,,1,8,0,,
2913875137,129,False,2328,22,7,96,2017-01-14,,16,6,0,,
2914037011,130,False,2922,22,7,108,2017-01-14,17,6,5,0,,
2914150919,130,False,2262,22,7,96,2017-01-14,17,7,5,0,,
2914229295,3,False,1759,22,7,86,2017-01-14,17,2,11,0,,
2914286956,1,True,2290,22,7,88,2017-01-14,17,5,3,0,,
2916246916,0,True,1593,22,7,51,2017-01-15,,7,1,0,,
2916541675,128,True,1686,22,7,96,2017-01-15,,5,11,0,,
2916596319,0,True,2451,22,7,108,2017-01-15,,1,9,0,,
2916683449,132,False,2467,3,0,7,2017-01-15,,5,5,0,,
2916787737,132,False,1734,1,0,95,2017-01-15,,18,3,0,,
2916858234,4,True,1277,1,0,5,2017-01-15,,4,3,0,,
2918654966,2,False,2537,22,7,98,2017-01-16,17,8,11,0,,
2918748103,0,False,2133,22,7,51,2017-01-16,17,5,9,0,,
2918798859,128,False,1611,22,7,51,2017-01-16,17,9,1,0,,
2918847371,1,False,2091,22,7,64,2017-01-16,17,6,7,0,,
2918904022,0,True,1725,22,7,108,2017-01-16,17,2,4,0,,
2918959207,3,True,2049,22,7,51,2017-01-16,17,7,7,0,,
2919020997,131,False,2250,22,7,51,2017-01-16,17,5,11,0,,
2920594763,128,True,3866,22,7,86,2017-01-17,17,2,8,0,,
2920677070,132,True,2421,22,7,16,2017-01-17,,9,7,0,,
2920751047,131,False,1807,22,7,51,2017-01-17,17,11,8,0,,
2920801789,0,True,1683,22,7,51,2017-01-17,,5,3,0,,
2920968942,130,False,2600,3,0,28,2017-01-17,,4,1,0,,
2922637872,1,True,3640,22,7,108,2017-01-18,,3,9,0,,
2922789844,132,False,2132,3,0,18,2017-01-18,,9,4,0,,
2922849109,3,True,1511,1,0,19,2017-01-18,,6,4,0,,
2922899311,3,True,1484,3,0,81,2017-01-18,,6,7,0,,
2922950555,131,False,981,1,0,20,2017-01-18,,4,3,0,,
2924456856,2,True,3349,22,7,16,2017-01-19,,4,10,0,,
2924513193,4,True,1985,4,0,50,2017-01-19,,4,2,0,,
2924554736,4,True,1700,22,7,108,2017-01-19,,1,3,0,,
2924767263,2,True,1840,4,0,108,2017-01-19,,9,2,0,,
2926533450,3,True,1590,1,0,97,2017-01-20,,5,5,0,,
2926569252,3,False,1903,3,0,41,2017-01-20,,1,7,0,,
2926620148,3,True,3399,1,0,58,2017-01-20,,17,8,0,,
2926709024,2,True,1622,22,7,5,2017-01-20,,4,4,0,,
2926856359,4,True,1105,4,0,77,2017-01-20,,4,0,0,,
2926904362,2,True,1617,4,0,114,2017-01-20,17,17,6,0,,
2926961407,2,True,1607,4,0,104,2017-01-20,17,1,2,0,,
2928837784,129,False,1734,4,0,32,2017-01-21,,10,2,0,,
2928894207,1,True,1129,4,0,70,2017-01-21,,5,1,0,,
2928942877,129,False,813,4,0,71,2017-01-21,,1,0,0,,
2929188256,130,False,1298,4,0,47,2017-01-21,,8,2,0,,
2931054572,0,False,1494,22,7,2,2017-01-22,,8,10,0,,
2931149868,1,True,3245,1,0,26,2017-01-22,17,7,12,0,,
2931277801,130,True,595,22,7,108,2017-01-22,17,0,1,0,,
2931413070,132,True,1615,22,7,108,2017-01-22,17,1,5,0,,
2933207540,129,False,2286,22,7,75,2017-01-23,17,13,6,0,,
2933308827,130,True,1434,22,7,28,2017-01-23,,1,7,0,,
2933365712,4,True,2339,22,7,38,2017-01-23,,7,4,0,,
2933456540,129,True,2609,22,7,50,2017-01-23,17,1,11,0,,
2933533410,129,False,1336,22,7,79,2017-01-23,,3,5,0,,
2933629420,1,True,1966,1,0,79,2017-01-23,,2,7,0,,
2935216601,0,True,4104,22,7,87,2017-01-24,17,2,12,0,,
2935347533,132,True,1197,22,7,28,2017-01-24,,1,4,0,,
2935387665,3,False,2028,22,7,16,2017-01-24,17,5,13,0,,
2935618844,130,True,2332,22,7,79,2017-01-24,,1,6,0,,
2936026804,131,True,2083,22,7,57,2017-01-24,17,2,5,0,,
2936900406,128,False,2012,22,7,51,2017-01-25,,13,7,0,,
2936934979,1,True,4491,22,7,108,2017-01-25,,4,7,0,,
2937117195,128,False,2414,22,7,2,2017-01-25,,17,7,0,,
2937247825,129,False,1471,22,7,51,2017-01-25,17,4,5,0,,
2937443840,130,True,495,3,0,102,2017-01-25,,0,0,1,,
2937478015,2,True,2588,4,0,20,2017-01-25,,5,7,0,,
2938809949,129,False,1758,4,0,49,2017-01-26,17,6,2,0,,
2938838501,129,False,2039,4,0,45,2017-01-26,17,5,5,0,,
2939110462,2,True,1583,22,7,108,2017-01-26,17,0,2,0,,
2941553561,129,True,3186,1,0,101,2017-01-27,18,13,11,0,,
2945659953,0,False,2365,22,7,55,2017-01-28,17,5,4,0,,
2945797726,131,False,2308,22,7,51,2017-01-28,17,10,11,0,,
2945971207,4,True,2669,22,7,51,2017-01-28,17,8,4,0,,
2950235033,1,False,1845,2,9,65,2017-01-29,17,5,6,0,,
2950383967,4,True,1494,22,7,16,2017-01-29,17,5,3,0,,
2950592510,2,False,1763,22,7,16,2017-01-29,17,2,7,0,,
2951228814,0,False,2910,22,7,2,2017-01-29,17,7,9,0,,
2953201193,2,True,3014,22,7,75,2017-01-29,,4,7,0,,
2953805826,129,False,2216,22,7,108,2017-01-29,18,4,2,0,,
2954403998,131,True,2535,22,7,28,2017-01-30,17,4,6,0,,
2954602087,3,False,2007,22,7,96,2017-01-30,17,5,4,0,,
2954960422,129,False,1807,22,7,51,2017-01-30,18,13,3,0,,
2961680380,129,True,2037,22,7,102,2017-02-01,18,0,7,0,,
2961812854,4,True,2481,22,7,16,2017-02-01,17,5,12,0,,
2962039353,4,False,3918,22,7,51,2017-02-01,17,4,16,0,,
2962230847,128,False,3448,22,7,51,2017-02-01,18,5,19,0,,
2962538964,131,True,1704,22,7,87,2017-02-01,18,6,8,0,,
2963506788,132,True,2360,22,7,75,2017-02-01,17,5,6,0,,
2964746415,131,True,1222,22,7,87,2017-02-01,18,4,5,0,,
2964799046,4,False,1122,22,7,28,2017-02-01,18,1,3,0,,
2965275888,132,False,1716,22,7,87,2017-02-02,17,3,5,0,,
2965350003,4,False,2651,22,7,86,2017-02-02,17,4,12,0,,
2965498011,1,False,3022,22,7,60,2017-02-02,17,6,4,0,,
2965710424,0,False,2927,22,7,88,2017-02-02,17,3,9,0,,
2965861049,129,True,1528,22,7,50,2017-02-02,17,2,7,0,,
2965970395,130,True,1766,22,7,2,2017-02-02,18,6,11,0,,
2966081737,131,False,3712,22,7,55,2017-02-02,17,3,4,0,,
2967966115,2,True,3925,22,7,108,2017-02-02,18,6,8,0,,
2968306533,128,False,2430,22,7,63,2017-02-03,17,9,7,0,,
2968404441,130,True,872,22,7,79,2017-02-03,18,1,4,0,,
2968740896,128,False,1634,22,7,87,2017-02-03,17,6,5,0,,
2968811679,3,False,1685,22,7,108,2017-02-03,17,1,5,0,,
2968885183,4,False,1531,22,7,104,2017-02-03,17,1,9,0,,
2968973651,132,True,2405,22,7,75,2017-02-03,17,2,9,0,,
2969154696,128,True,2167,22,7,79,2017-02-03,17,3,6,0,,
2970804434,0,False,1355,22,7,79,2017-02-03,17,1,4,0,,
2970933822,1,True,1223,22,7,108,2017-02-03,18,1,2,0,,
2971016974,129,True,1608,22,7,2,2017-02-03,18,6,5,0,,
2971130822,129,False,2503,22,7,110,2017-02-03,18,4,9,0,,
2971259237,128,False,2297,22,7,51,2017-02-03,17,4,10,0,,
2972103711,129,True,3050,22,7,102,2017-02-04,17,2,8,0,,
2972235002,1,False,2264,22,7,16,2017-02-04,17,4,6,0,,
2972347110,132,False,3227,22,7,79,2017-02-04,17,3,5,0,,
2972535708,130,True,1310,22,7,87,2017-02-04,17,1,4,0,,
2972664972,132,True,2090,22,7,102,2017-02-04,17,5,4,0,,
2973265357,129,False,2068,22,7,87,2017-02-04,17,5,5,0,,
2973399193,130,True,1646,22,7,28,2017-02-04,17,6,5,0,,
2975416459,1,False,2516,22,7,104,2017-02-05,17,7,10,0,,
2975547558,1,False,2371,22,7,96,2017-02-05,17,4,13,0,,
2976953794,131,False,3333,22,7,57,2017-02-05,17,3,4,0,,
2977776563,130,True,2415,22,7,86,2017-02-05,18,6,9,0,,
2978561325,1,False,1778,22,7,79,2017-02-05,18,2,4,0,,
2978673403,3,False,2426,22,7,51,2017-02-05,17,5,8,0,,
2979039084,2,True,1941,22,7,2,2017-02-06,18,13,3,0,,
2979123496,1,True,2180,22,7,41,2017-02-06,17,7,3,0,,
2979192102,128,True,1953,22,7,16,2017-02-06,17,3,5,0,,
2980902858,132,True,1055,22,7,23,2017-02-06,17,1,1,0,,
2981169393,130,True,731,22,7,57,2017-02-06,18,0,0,0,,
2981507346,129,True,2369,22,7,96,2017-02-06,18,5,6,0,,
2981733029,130,True,1954,22,7,102,2017-02-06,18,3,4,0,,
2981877118,3,True,2480,22,7,16,2017-02-06,17,8,5,0,,
2981933929,131,False,2124,22,7,51,2017-02-07,17,6,2,0,,
2981970544,128,False,1144,22,7,79,2017-02-07,17,1,5,0,,
2981992764,131,False,2176,22,7,88,2017-02-07,17,0,10,0,,
2982032387,132,True,2164,22,7,55,2017-02-07,18,7,10,0,,
2983651380,130,True,3021,22,7,33,2017-02-07,17,7,6,0,,
2983762999,132,True,1945,22,7,102,2017-02-07,17,3,10,0,,
2983810886,129,False,1702,22,7,40,2017-02-07,17,4,6,0,,
2983845599,130,False,688,22,7,86,2017-02-07,18,2,0,0,,
2983958817,129,True,2911,22,7,51,2017-02-08,17,11,11,0,,
2984007906,130,False,2220,22,7,87,2017-02-08,17,2,6,0,,
2984057971,132,False,1543,22,7,75,2017-02-08,17,3,1,0,,
2984112115,132,True,1639,22,7,73,2017-02-08,18,1,10,0,,
2984156558,130,True,2043,22,7,55,2017-02-08,18,4,6,0,,
2984222180,130,True,1350,22,7,84,2017-02-08,17,0,4,0,,
2984274835,4,True,1999,22,7,87,2017-02-08,17,0,9,0,,
2984332687,0,True,1561,22,7,28,2017-02-08,18,1,4,0,,
2984389723,3,False,1907,22,7,2,2017-02-08,18,14,9,0,,
2985683107,4,True,3064,22,7,87,2017-02-08,17,4,12,0,,
2985808720,3,True,1801,22,7,86,2017-02-08,17,3,5,0,,
2985850329,131,False,1912,22,7,55,2017-02-08,17,8,4,0,,
2985919670,2,False,2533,22,7,87,2017-02-09,18,2,18,0,,
2985959360,129,False,2417,22,7,87,2017-02-09,17,2,10,0,,
2986038981,3,True,1422,22,7,110,2017-02-09,18,2,7,0,,
2986072114,4,False,1357,22,7,55,2017-02-09,18,0,3,0,,
2987899485,129,True,2214,22,7,87,2017-02-10,18,6,12,0,,
2987933779,1,True,2663,22,7,51,2017-02-10,18,7,8,0,,
2987985313,2,True,1728,22,7,88,2017-02-10,18,9,2,0,,
2988042148,1,True,1544,22,7,51,2017-02-10,18,4,4,0,,
2988085155,4,False,1497,22,7,102,2017-02-10,17,3,3,0,,
2988172218,130,True,1823,22,7,78,2017-02-10,17,2,6,0,,
2988257811,132,False,2384,22,7,5,2017-02-10,17,5,3,0,,
2990305464,2,False,1274,22,7,28,2017-02-11,17,0,5,0,,
2990350080,129,True,1304,22,7,2,2017-02-11,17,8,7,0,,
2990399208,130,True,1839,22,7,2,2017-02-11,17,3,8,0,,
2992304036,1,False,1590,22,7,2,2017-02-11,17,2,9,0,,
2992501906,132,True,2130,1,0,28,2017-02-12,17,1,9,0,,
2992565247,129,False,2156,2,9,33,2017-02-12,17,5,4,0,,
2992632300,1,True,4127,2,9,78,2017-02-12,17,10,3,0,,
2992743107,129,False,2311,2,9,108,2017-02-12,17,6,1,0,,
2992876813,130,False,2033,22,7,102,2017-02-12,17,8,2,0,,
2994880273,131,True,3401,22,7,27,2017-02-13,18,1,11,0,,
2994945158,3,False,2681,22,7,28,2017-02-13,17,2,5,0,,
2995006004,4,True,2571,22,7,87,2017-02-13,17,2,6,0,,
2995070924,131,True,2428,22,7,108,2017-02-13,18,3,8,0,,
2995135471,131,True,1673,22,7,102,2017-02-13,17,3,6,0,,
2995207893,130,False,1981,22,7,75,2017-02-13,18,1,4,0,,
2995276891,128,True,2359,22,7,28,2017-02-13,17,3,8,0,,
2996524423,4,True,2307,22,7,16,2017-02-13,18,2,7,0,,
2996568243,3,False,2150,22,7,104,2017-02-13,18,2,7,0,,
2996604487,131,True,2510,22,7,102,2017-02-13,18,1,11,0,,
2996644064,3,True,2339,22,7,55,2017-02-14,18,3,9,0,,
2996754043,3,False,2001,22,7,93,2017-02-14,17,3,6,0,,
2996802474,1,True,2517,22,7,75,2017-02-14,17,6,4,0,,
2996870831,4,True,1362,22,7,16,2017-02-14,18,2,2,0,,
2996921208,4,False,2296,22,7,51,2017-02-14,17,6,9,0,,
2996996486,0,False,3666,22,7,72,2017-02-14,18,16,17,0,,
2997235006,130,False,2234,22,7,51,2017-02-14,17,11,10,0,,
2997376361,2,False,1942,22,7,51,2017-02-14,17,8,7,0,,
2998705190,3,False,2105,22,7,38,2017-02-15,17,2,8,0,,
2998772747,1,True,2028,22,7,26,2017-02-15,18,3,10,0,,
2998828991,129,True,1865,22,7,51,2017-02-15,17,4,10,0,,
3000135150,128,False,2111,22,7,69,2017-02-15,17,4,5,0,,
3000236425,131,False,1161,22,7,5,2017-02-15,17,1,2,0,,
3000601115,2,True,1365,22,7,16,2017-02-16,18,4,4,0,,
3000653976,128,False,2498,22,7,69,2017-02-16,17,5,9,0,,
3002233935,4,False,2686,22,7,5,2017-02-16,17,6,13,0,,
3002409957,129,False,2184,22,7,28,2017-02-17,17,3,6,0,,
3002444849,1,True,3291,22,7,75,2017-02-17,17,3,8,0,,
3002500918,128,True,2554,22,7,69,2017-02-17,18,4,8,0,,
3002583039,128,True,1776,22,7,2,2017-02-17,,10,9,0,,
3002668962,3,True,1400,22,7,79,2017-02-17,17,2,4,0,,
3002783999,4,False,2910,22,7,51,2017-02-17,18,14,5,0,,
3002933076,128,False,2365,22,7,2,2017-02-17,17,9,10,0,,
3003043518,130,True,2303,22,7,16,2017-02-17,18,7,13,0,,
3004392094,128,False,1427,22,7,2,2017-02-17,17,9,3,0,,
3004421837,3,True,1859,22,7,16,2017-02-18,17,3,4,0,,
3004514579,2,False,2307,22,7,75,2017-02-18,17,3,4,0,,
3004595209,131,True,1629,22,7,75,2017-02-18,17,5,9,0,,
3004637415,128,False,857,22,7,89,2017-02-18,18,0,2,0,,
3004669354,131,True,3748,22,7,2,2017-02-18,17,11,11,0,,
3004900449,0,False,2378,22,7,2,2017-02-18,17,7,6,0,,
3005093119,132,True,1464,22,7,85,2017-02-18,18,1,5,0,,
3005156963,130,True,1940,22,7,28,2017-02-18,18,1,5,0,,
3006838916,1,True,1957,2,9,108,2017-02-19,17,2,2,0,,
3006897474,129,True,1457,2,9,2,2017-02-19,18,3,6,0,,
3007062625,128,True,2166,22,7,96,2017-02-19,17,3,3,0,,
3007141248,129,False,1515,22,7,16,2017-02-19,18,2,6,0,,
3007259585,130,True,1645,22,7,16,2017-02-19,18,1,9,0,,
3007333025,130,True,1283,22,7,16,2017-02-19,17,2,3,0,,
3007461072,3,True,1402,22,7,102,2017-02-19,18,1,3,0,,
3007532170,4,False,2737,22,7,63,2017-02-19,18,9,4,0,,
3009007302,130,True,2048,22,7,102,2017-02-20,17,6,10,0,,
3009041231,0,True,1019,22,7,108,2017-02-20,18,0,2,0,,
3009097139,128,False,1963,22,7,87,2017-02-20,18,3,6,0,,
3009134886,0,True,1482,22,7,71,2017-02-20,17,2,6,0,,
3009205867,132,True,3961,22,7,102,2017-02-20,18,4,5,0,,
3009314639,1,True,2524,22,7,108,2017-02-20,17,4,1,0,,
3011037904,0,False,1564,22,7,72,2017-02-21,17,2,7,0,,
3011081154,128,True,1897,22,7,108,2017-02-21,17,1,10,0,,
3011144582,132,True,3849,22,7,72,2017-02-21,18,18,10,0,,
3011298755,4,True,1774,22,7,5,2017-02-21,,4,5,0,,
3011360763,4,True,2440,1,0,65,2017-02-21,17,9,6,0,,
3011431057,130,False,1988,22,7,16,2017-02-21,,3,3,0,,
3011570444,0,False,1343,22,7,28,2017-02-21,,3,5,0,,
3011624777,4,False,1451,22,7,28,2017-02-21,,2,3,0,,
3012939562,129,False,1554,22,7,51,2017-02-22,,4,3,0,,
3012980169,128,True,1443,22,7,75,2017-02-22,17,1,6,0,,
3013012436,128,False,2157,22,7,63,2017-02-22,17,4,6,0,,
3013063886,0,True,1731,22,7,28,2017-02-22,17,4,7,0,,
3013143246,3,False,2515,22,7,108,2017-02-22,,9,3,0,,
3013207267,131,False,2429,22,7,102,2017-02-22,17,3,5,0,,
3013312769,131,False,2404,1,0,15,2017-02-22,,12,2,0,,
3013385835,131,True,1723,1,0,28,2017-02-22,17,4,6,0,,
3013517887,2,True,3663,22,7,72,2017-02-22,17,20,6,0,,
3013710203,3,True,3190,22,7,88,2017-02-22,17,2,9,0,,
3015647222,131,False,1741,4,0,73,2017-02-23,17,4,2,0,,
3015735281,1,True,966,4,0,108,2017-02-23,18,6,0,0,,
3015815660,128,False,2816,22,7,16,2017-02-23,18,8,7,0,,
3021496541,1,True,1062,2,9,55,2017-02-26,17,6,0,0,,
3021532028,129,True,1547,2,9,108,2017-02-26,17,0,2,0,,
3021715643,132,True,2102,4,0,30,2017-02-26,,12,9,0,,
3021788581,131,True,2050,4,0,23,2017-02-26,17,1,7,0,,
3024005439,132,False,2592,22,7,63,2017-02-27,,14,2,0,,
3024107291,2,True,2808,22,7,86,2017-02-27,18,2,10,0,,
3025966263,132,True,1830,22,7,5,2017-02-28,,1,7,0,,
3026027791,1,True,1704,22,7,98,2017-02-28,17,7,1,0,,
3026087385,4,True,1499,22,7,84,2017-02-28,18,0,3,0,,
3026140048,131,False,1659,22,7,27,2017-02-28,,1,2,0,,
3028421968,2,True,2152,4,0,38,2017-03-01,18,9,7,0,,
3029220505,131,False,1373,22,7,86,2017-03-02,17,1,2,0,,
3031152883,4,True,1512,22,7,102,2017-03-03,17,2,1,0,,
3033295129,132,False,4340,22,7,55,2017-03-04,17,5,10,0,,
3033413760,1,True,1307,22,7,102,2017-03-04,17,4,3,0,,
3035507885,132,False,2011,22,7,71,2017-03-05,18,4,7,0,,
3035611076,2,True,2421,2,9,16,2017-03-05,17,8,3,0,,
3035678855,130,False,2913,2,9,88,2017-03-05,17,6,5,0,,
3037636765,130,False,2212,2,1,98,2017-03-05,18,7,3,0,,
3037704207,130,False,2384,22,0,96,2017-03-06,,8,1,0,,
3037738416,130,True,2892,3,0,108,2017-03-06,,2,6,0,,
3037794428,131,False,2498,22,7,2,2017-03-06,17,6,8,0,,
3037901722,130,True,1651,4,0,63,2017-03-06,18,12,7,0,,
3037940015,2,False,3023,4,0,51,2017-03-06,18,8,11,0,,
3038007774,130,False,1626,4,0,103,2017-03-06,18,5,3,0,,
3039568674,130,False,1693,2,1,55,2017-03-07,17,6,1,0,,
3039597697,4,True,1636,2,1,96,2017-03-07,17,4,4,0,,
3039654316,131,True,2317,2,1,96,2017-03-07,17,4,6,0,,
3039932348,4,True,1671,2,1,88,2017-03-07,,7,0,0,,
3040112541,1,True,2976,2,1,55,2017-03-07,,4,5,0,,
3040268172,130,False,2214,2,1,2,2017-03-07,,8,4,0,,
3041709217,130,False,2576,2,1,98,2017-03-08,,4,8,0,,
3041866598,132,False,3498,2,1,63,2017-03-08,,10,6,0,,
3043429964,1,True,887,2,1,96,2017-03-09,21,2,0,0,,
3043454181,2,True,1162,2,1,96,2017-03-09,21,6,0,0,,
3043476177,4,True,2448,2,1,55,2017-03-09,17,3,2,0,,
3043524368,3,True,2141,2,1,96,2017-03-09,21,5,5,0,,
3045252480,131,False,2358,2,1,96,2017-03-09,17,8,5,0,,
3045306210,0,True,1715,2,1,55,2017-03-10,17,7,5,0,,
3045346517,132,True,2036,2,1,88,2017-03-10,17,2,5,0,,
3045387746,3,True,1751,2,1,2,2017-03-10,17,5,7,0,,
3045440217,3,False,865,2,1,57,2017-03-10,21,1,2,0,,
3045471762,131,True,1174,2,1,2,2017-03-10,21,0,4,0,,
3047723645,128,False,2780,22,7,16,2017-03-11,17,2,12,0,,
3047903370,132,False,2773,22,7,96,2017-03-11,17,7,8,0,,
3052270215,1,True,1539,22,7,51,2017-03-13,18,4,6,0,,
3054053773,129,False,3093,22,7,102,2017-03-14,,2,2,0,,
3055717501,131,True,1642,22,7,102,2017-03-15,17,0,4,0,,
3055765878,4,True,962,22,7,102,2017-03-15,,8,1,0,,
3055801011,4,True,1932,22,7,84,2017-03-15,17,3,7,0,,
3055959289,131,False,1570,4,0,98,2017-03-15,17,19,4,0,,
3057615667,0,False,2364,22,7,86,2017-03-16,17,4,5,0,,
3057680999,3,False,1887,22,7,96,2017-03-16,,3,6,0,,
3057767425,129,True,2482,22,7,102,2017-03-16,17,7,4,0,,
3057819857,1,False,1782,22,7,96,2017-03-16,17,3,9,0,,
3057917879,130,True,1555,22,7,96,2017-03-16,17,0,6,0,,
3057963197,1,False,2696,22,7,2,2017-03-16,18,13,12,0,,
3058145228,132,False,2543,22,7,96,2017-03-16,17,2,1,0,,
3059223848,129,False,2045,22,7,96,2017-03-16,17,9,3,0,,
3059295165,3,False,2460,22,7,51,2017-03-17,17,9,11,0,,
3059321281,129,True,1880,22,7,96,2017-03-17,17,4,8,0,,
3059359555,129,True,2554,22,7,96,2017-03-17,17,3,7,0,,
3059410747,0,True,1761,22,7,86,2017-03-17,17,2,4,0,,
3059445204,0,False,1824,22,7,2,2017-03-17,,9,12,1,,
3059482158,132,True,3273,22,7,42,2017-03-17,,19,9,0,,
3059557909,128,True,1842,22,7,5,2017-03-17,17,7,6,0,,
3059602553,3,False,1890,22,7,87,2017-03-17,17,1,6,0,,
3059658375,0,False,994,22,7,64,2017-03-17,17,3,2,1,,
3059691141,1,False,1897,22,7,96,2017-03-17,,3,4,0,,
3059786534,129,False,2934,22,7,98,2017-03-17,17,5,10,0,,
3059961139,131,False,1394,22,7,96,2017-03-17,,3,0,0,,
3061340558,131,True,819,22,7,102,2017-03-18,17,0,1,1,,
3061385718,0,False,3254,22,7,104,2017-03-18,,5,11,0,,
3061470675,3,False,1218,22,7,64,2017-03-18,17,0,5,0,,
3061506667,132,False,1980,22,7,96,2017-03-18,17,11,1,0,,
3061559893,0,True,1591,22,7,102,2017-03-18,,7,1,0,,
3061629908,0,True,1973,22,7,102,2017-03-18,,4,3,0,,
3061688629,3,False,2373,22,7,96,2017-03-18,17,5,8,0,,
3061800269,2,True,2380,22,7,102,2017-03-18,17,1,3,0,,
3063983852,2,True,2461,4,0,23,2017-03-19,17,6,6,0,,
3064353214,132,False,1382,22,7,102,2017-03-19,17,4,2,0,,
3066018657,3,False,2142,22,7,51,2017-03-20,17,1,6,0,,
3066080624,2,True,2017,22,7,102,2017-03-20,17,6,6,0,,
3066137085,129,True,2937,22,7,8,2017-03-20,18,10,8,0,,
3066214386,1,True,2126,22,7,102,2017-03-20,17,4,9,0,,
3066261035,128,False,2077,22,7,96,2017-03-20,,8,2,0,,
3066311246,132,False,3070,22,7,102,2017-03-20,18,3,6,0,,
3068087034,3,True,1565,22,7,71,2017-03-21,17,4,4,0,,
3068147565,128,True,2567,22,7,102,2017-03-21,17,3,7,0,,
3068218515,0,False,2205,22,7,102,2017-03-21,,3,8,0,,
3068335943,0,True,2729,22,7,44,2017-03-21,,10,2,0,,
3068441877,1,False,1679,22,7,8,2017-03-21,17,2,3,0,,
3068564491,2,True,1603,22,7,96,2017-03-21,17,3,6,0,,
3069886933,128,True,1920,22,7,93,2017-03-22,17,6,3,0,,
3069929543,132,False,3171,22,7,16,2017-03-22,,3,14,0,,
3070013990,2,False,1805,22,7,96,2017-03-22,,2,9,0,,
3070066043,132,False,1645,22,7,102,2017-03-22,,5,3,0,,
3070109833,0,True,2383,22,7,102,2017-03-22,,4,6,0,,
3070171396,4,True,2128,22,7,87,2017-03-22,,2,8,0,,
3072015640,2,True,2009,22,7,96,2017-03-23,,2,7,0,,
3072069706,1,True,2003,22,7,102,2017-03-23,17,1,8,0,,
3072342614,131,False,2703,22,7,86,2017-03-23,,9,7,0,,
3073861014,132,True,2556,22,7,102,2017-03-24,17,0,7,0,,
3073952654,4,True,1402,22,7,87,2017-03-24,,2,5,0,,
3074028301,2,False,2126,22,7,51,2017-03-24,17,10,8,0,,
3074136536,132,False,1124,22,7,102,2017-03-24,17,2,0,0,,
3076329405,128,False,1387,22,7,29,2017-03-25,17,1,4,0,,
3078016807,132,True,2179,22,7,97,2017-03-26,17,0,9,0,,
3078054510,4,True,2275,22,7,97,2017-03-26,17,2,6,0,,
3080084863,4,True,2393,22,0,97,2017-03-26,17,7,3,0,,
3080143967,132,False,2504,22,0,97,2017-03-26,,1,3,0,,
3080288726,129,False,1578,22,7,50,2017-03-27,17,1,4,0,,
3082134838,129,False,2503,22,7,75,2017-03-27,17,3,4,0,,
3082260714,129,False,1605,4,0,95,2017-03-28,18,9,2,0,,
3083660782,132,False,1631,22,0,97,2017-03-28,,2,0,0,,
3083723611,132,False,2860,3,0,29,2017-03-28,,5,0,0,,
3084110848,2,True,2529,22,7,97,2017-03-29,,5,5,0,,
3086125034,4,False,3656,22,7,97,2017-03-30,17,3,11,0,,
3086201622,4,False,2349,22,7,51,2017-03-30,17,4,7,0,,
3086291224,131,False,2120,22,7,102,2017-03-30,17,6,6,0,,
3086395634,2,True,1496,22,7,16,2017-03-30,17,3,4,0,,
3087967557,132,True,2792,22,7,102,2017-03-31,18,2,11,0,,
3088012425,3,True,1405,22,7,110,2017-03-31,17,0,1,0,,
3088069879,130,False,1951,22,7,84,2017-03-31,,0,7,0,,
3088199368,0,False,2126,22,7,86,2017-03-31,17,4,9,0,,
3088300227,4,True,545,4,0,97,2017-03-31,17,0,0,0,,
3088333791,0,True,2426,22,0,97,2017-03-31,18,6,5,0,,
3088395186,128,False,2789,3,0,55,2017-03-31,,11,6,0,,
3088471276,128,False,2663,3,0,96,2017-03-31,,7,5,0,,
3088558650,0,True,2674,3,0,97,2017-03-31,,0,7,0,,
3088660929,128,True,2175,3,0,31,2017-03-31,,2,8,0,,
3088743511,0,True,2347,3,0,97,2017-03-31,18,2,5,0,,
3088825662,0,True,2367,3,0,16,2017-03-31,,6,4,0,,
3090130038,131,False,1513,4,0,13,2017-04-01,18,6,2,0,,
3090153804,3,True,1929,4,0,107,2017-04-01,18,1,9,0,,
3090187743,2,True,2920,4,0,65,2017-04-01,18,15,10,0,,
3090345288,4,True,636,4,0,27,2017-04-01,18,2,0,0,,
3092472827,4,False,2519,2,9,102,2017-04-02,17,6,5,0,,
3092627027,0,True,1095,4,0,2,2017-04-02,18,3,6,0,,
3092778717,128,False,803,4,0,14,2017-04-02,17,6,1,0,,
3092815869,0,True,1213,4,0,28,2017-04-02,,1,1,0,,
3093179722,1,True,1752,22,0,97,2017-04-02,,3,2,0,,
3093349718,1,True,1641,3,0,97,2017-04-02,17,7,3,0,,
3094835338,1,True,2070,22,0,2,2017-04-03,18,19,2,0,,
3096673389,4,True,2728,22,0,16,2017-04-04,18,12,3,0,,
3096731958,4,False,2549,4,0,54,2017-04-04,18,5,9,0,,
3098759628,2,True,1384,22,0,104,2017-04-05,18,4,4,0,,
3098795862,130,True,2366,3,0,33,2017-04-05,18,2,9,0,,
3099048833,4,True,1492,22,0,112,2017-04-05,18,3,0,0,,
3100675245,1,False,3151,3,0,97,2017-04-06,,4,4,0,,
3100741840,129,True,2768,3,0,104,2017-04-06,,5,4,0,,
3100813792,1,False,2627,3,0,98,2017-04-06,,4,8,0,,
3100880282,1,False,3023,3,0,2,2017-04-06,,22,7,0,,
3100978826,3,True,2680,22,7,30,2017-04-06,18,4,9,0,,
3102300226,131,False,619,3,0,41,2017-04-06,,0,0,0,,
3102320295,131,False,2269,3,0,104,2017-04-06,,12,7,0,,
3102485550,0,True,1687,22,7,86,2017-04-07,18,1,8,0,,
3102580582,3,True,2080,22,0,104,2017-04-07,,5,1,0,,
3102625262,3,True,2652,22,0,97,2017-04-07,,6,10,0,,
3102681104,131,True,2083,22,0,104,2017-04-07,18,8,6,0,,
3102813147,0,False,2881,22,7,112,2017-04-07,,4,13,0,,
3103046469,132,False,2263,22,0,107,2017-04-07,18,4,6,0,,
3104727366,4,True,2287,22,7,54,2017-04-08,18,6,4,0,,
3104803795,132,True,3006,22,7,110,2017-04-08,,4,13,0,,
3104924521,3,True,1888,22,7,102,2017-04-08,18,2,9,0,,
3105162914,4,True,2480,22,0,97,2017-04-08,18,4,2,0,,
3105257002,4,True,2030,22,0,97,2017-04-08,18,1,2,0,,
3106999101,3,True,1742,2,9,55,2017-04-09,,7,0,0,,
3107046735,131,False,4560,2,9,97,2017-04-09,18,4,9,0,,
3107243330,3,True,2396,22,0,102,2017-04-09,,11,2,0,,
3107657552,4,True,1585,22,0,2,2017-04-09,,6,0,0,,
3107735598,4,True,3311,3,0,104,2017-04-09,,15,9,0,,
3109158761,2,True,1549,22,0,97,2017-04-10,,3,1,0,,
3109185111,2,True,3103,22,0,97,2017-04-10,18,11,9,0,,
3109230873,131,True,2651,22,7,75,2017-04-10,18,1,13,0,,
3109339395,3,True,2684,22,7,97,2017-04-10,18,4,8,0,,
3109452055,0,False,1845,22,7,102,2017-04-10,,2,8,0,,
3109499489,3,False,1411,22,7,86,2017-04-10,,2,7,0,,
3109548017,0,True,2238,22,7,63,2017-04-10,18,23,0,0,,
3109617505,0,False,2218,22,7,102,2017-04-10,18,7,6,0,,
3109708625,131,True,2867,22,7,86,2017-04-10,18,5,9,0,,
3110891768,4,False,2506,22,7,97,2017-04-10,,3,9,0,,
3110955338,2,False,3004,22,7,63,2017-04-11,,7,4,0,,
3111022340,3,True,1757,22,7,5,2017-04-11,,2,3,0,,
3111077096,128,True,2010,22,7,97,2017-04-11,18,2,4,0,,
3111170477,131,False,3445,22,7,97,2017-04-11,18,2,15,0,,
3111250730,132,False,2472,22,7,86,2017-04-11,18,2,7,0,,
3111358672,131,True,1699,22,7,97,2017-04-11,18,4,5,0,,
3111424182,2,False,1720,22,7,97,2017-04-11,18,0,6,0,,
3111480902,4,True,1292,22,7,98,2017-04-11,18,5,1,0,,
3111571759,129,True,2254,22,7,114,2017-04-11,18,3,7,0,,
3112767974,4,False,1644,22,7,54,2017-04-11,,9,4,0,,
3112794481,129,True,2779,22,7,2,2017-04-12,18,15,11,0,,
3112839761,132,False,2863,22,7,102,2017-04-12,18,6,5,0,,
3112958874,131,True,2139,22,7,98,2017-04-12,,9,4,0,,
3113002964,132,False,1617,22,7,102,2017-04-12,,4,2,0,,
3113057530,0,True,2576,22,7,64,2017-04-12,18,8,6,0,,
3113114996,0,True,2514,22,7,32,2017-04-12,18,2,10,0,,
3114728695,130,False,851,22,7,93,2017-04-13,,4,0,0,,
3114758018,132,False,1445,22,7,32,2017-04-13,18,2,3,0,,
3114940044,129,True,1054,22,7,102,2017-04-13,18,0,1,0,,
3114979473,132,False,2083,22,7,37,2017-04-13,18,5,3,0,,
3116896640,4,True,4771,22,0,63,2017-04-14,18,14,8,0,,
3117026499,3,False,3148,22,0,86,2017-04-14,18,3,12,0,,
3120905255,2,True,2077,2,9,97,2017-04-16,,5,1,0,,
3120955248,130,True,1373,2,9,104,2017-04-16,,3,5,0,,
3123307910,132,False,2603,22,0,104,2017-04-17,,11,6,0,,
3123395093,128,True,2197,3,0,2,2017-04-17,,12,8,0,,
3123461907,128,True,2055,3,0,98,2017-04-17,,4,9,0,,
3129928862,131,False,1186,22,0,102,2017-04-20,,6,2,0,,
3129963922,131,False,2457,3,0,60,2017-04-20,18,4,5,0,,
3130039343,131,False,1775,22,0,63,2017-04-20,,15,1,0,,
3130089636,3,True,1564,22,0,8,2017-04-20,,3,3,0,,
3130153762,1,True,1843,22,0,102,2017-04-20,,5,3,0,,
3130198573,4,True,1980,22,0,27,2017-04-20,,3,7,0,,
3130248883,128,False,2022,3,0,28,2017-04-21,,4,5,0,,
3130280001,128,False,2443,22,0,102,2017-04-21,,7,7,0,,
3130324511,128,False,1957,22,0,104,2017-04-21,,6,3,0,,
3130357652,128,False,3175,3,0,55,2017-04-21,,8,11,0,,
3132212832,131,True,2194,3,0,16,2017-04-22,18,5,8,0,,
3132255299,130,True,2143,3,0,84,2017-04-22,18,0,13,0,,
3132284299,2,True,3547,22,0,5,2017-04-22,,3,11,0,,
3132416308,2,True,852,3,0,67,2017-04-22,,2,0,0,,
3134878379,129,False,2565,3,0,37,2017-04-23,,4,3,0,,
3136706494,0,True,2039,4,0,20,2017-04-24,18,6,4,0,,
3136740796,2,True,1937,4,0,21,2017-04-24,,5,0,0,,
3136778651,1,True,1320,22,0,86,2017-04-24,,4,0,0,,
3136838225,4,False,3025,3,0,111,2017-04-24,,2,11,0,,
3136899079,132,True,2455,3,0,29,2017-04-24,,1,5,0,,
3137158059,131,False,2545,3,0,112,2017-04-24,,7,2,0,,
3137247639,131,False,2753,3,0,63,2017-04-24,,11,8,0,,
3138331851,2,True,1990,22,0,104,2017-04-24,,8,2,0,,
3138383143,130,False,2028,22,0,2,2017-04-25,18,9,1,0,,
3138412469,2,True,4175,3,0,41,2017-04-25,,24,3,0,,
3138461448,129,True,2165,3,0,32,2017-04-25,,4,12,0,,
3140204957,132,False,2050,3,0,2,2017-04-26,,14,7,0,,
3140243512,131,False,2335,3,0,67,2017-04-26,,14,4,0,,
3140331222,2,True,2126,3,0,88,2017-04-26,18,6,3,0,,
3140376364,2,True,2592,3,0,51,2017-04-26,18,8,6,0,,
3141959353,132,False,2054,22,0,107,2017-04-27,,7,4,0,,
3141990175,132,False,1712,22,0,67,2017-04-27,18,14,1,0,,
3142026536,132,False,2083,22,0,78,2017-04-27,18,3,6,0,,
3143631193,1,True,3118,3,0,78,2017-04-28,18,8,6,0,,
3143746646,132,False,1771,22,0,41,2017-04-28,18,9,1,0,,
3143789167,3,True,1632,22,0,88,2017-04-28,18,5,3,0,,
3145461166,4,True,1943,22,0,16,2017-04-28,,8,1,0,,
3145499917,132,False,1676,22,0,2,2017-04-29,,19,5,0,,
3145718065,4,True,3278,22,0,112,2017-04-29,18,2,10,0,,
3145798079,132,False,3165,3,0,18,2017-04-29,,1,8,0,,
3145912073,131,False,2925,3,0,57,2017-04-29,,7,3,0,,
3148077278,131,False,2827,22,0,67,2017-04-30,,15,7,0,,
3150216126,1,True,1946,3,0,54,2017-05-01,,11,0,0,,
3150291406,129,False,2248,3,0,96,2017-05-01,18,8,6,0,,
3157908245,131,False,2269,22,0,97,2017-05-05,,2,4,0,,
3159561251,132,False,1365,4,0,17,2017-05-06,,7,3,0,,
3159591791,132,False,2585,4,0,99,2017-05-06,,4,7,0,,
3159643456,132,False,2210,4,0,104,2017-05-06,,13,2,0,,
3159699006,3,True,2669,4,0,23,2017-05-06,,7,7,0,,
3159787744,3,True,1270,22,0,98,2017-05-06,18,7,1,0,,
3159827831,131,False,3598,3,0,104,2017-05-06,18,2,11,0,,
3161895770,132,False,1294,3,0,16,2017-05-07,,2,3,0,,
3161922711,4,False,3695,3,0,98,2017-05-07,18,21,10,0,,
3161995368,1,True,2682,2,9,16,2017-05-07,18,5,6,0,,
3162056379,129,False,1794,2,9,55,2017-05-07,18,3,5,0,,
3162111883,129,False,2089,2,9,104,2017-05-07,,6,8,0,,
3166405768,131,False,2444,22,0,98,2017-05-09,,12,5,0,,
3166577635,3,True,2061,3,0,110,2017-05-09,,8,4,0,,
3166669311,130,False,2837,3,0,51,2017-05-09,18,11,7,0,,
3166802278,132,False,1678,22,7,84,2017-05-09,,3,3,0,,
3166850398,4,True,2543,22,7,104,2017-05-09,,18,5,0,,
3166920770,132,False,2661,22,7,2,2017-05-09,,13,8,0,,
3168463468,2,False,2490,22,7,102,2017-05-10,,3,11,0,,
3170407645,128,False,2570,22,7,104,2017-05-11,18,0,6,0,,
3172510810,3,True,2508,22,0,32,2017-05-12,18,9,8,0,,
3172569246,0,False,1908,22,7,16,2017-05-12,18,3,7,0,,
3172616819,132,True,2689,22,7,104,2017-05-12,,4,9,0,,
3172703232,129,False,1800,22,7,5,2017-05-12,18,4,6,0,,
3173000308,1,True,2854,22,7,99,2017-05-12,,13,10,0,,
3173087362,4,False,2744,22,7,74,2017-05-12,18,3,7,0,,
3177040594,2,False,3355,2,9,104,2017-05-14,18,10,9,0,,
3177416683,131,True,2055,22,7,99,2017-05-14,,2,11,0,,
3177499056,3,False,2430,22,7,57,2017-05-14,,2,7,0,,
3179954542,4,True,1787,22,7,93,2017-05-15,,21,3,0,,
3182936057,132,True,1935,22,7,27,2017-05-16,,4,7,0,,
3183006458,129,True,2159,22,7,51,2017-05-16,,4,11,0,,
3185715392,132,False,666,22,7,51,2017-05-17,,3,0,0,,
3185738780,1,True,1422,22,7,41,2017-05-17,18,1,7,0,,
3190026245,132,False,3450,22,7,88,2017-05-19,,5,5,0,,
3190140913,130,False,2134,22,0,16,2017-05-19,18,11,6,0,,
3194267580,4,True,2349,2,9,51,2017-05-21,,2,3,0,,
3194328303,132,False,2407,2,9,98,2017-05-21,18,4,2,0,,
3194394528,132,False,2110,2,9,51,2017-05-21,18,6,3,0,,
3202038663,131,False,1881,22,7,104,2017-05-24,18,11,2,0,,
3202104409,131,False,3433,22,7,99,2017-05-24,,8,10,0,,
3202163144,131,False,2374,22,7,18,2017-05-25,18,10,3,0,,
3202192761,4,True,2902,22,7,97,2017-05-25,18,4,8,0,,
3203973448,1,True,2125,22,7,91,2017-05-25,,5,2,0,,
3204016053,129,False,2457,22,7,55,2017-05-25,,4,4,0,,
3208055656,0,True,1373,22,7,51,2017-05-27,,5,4,0,,
3208176655,131,False,1730,2,1,55,2017-05-27,18,3,3,0,,
3208230860,0,True,1503,2,1,104,2017-05-27,18,5,1,0,,
3208286494,130,False,1400,2,1,55,2017-05-28,,4,0,0,,
3210282318,131,False,2461,22,7,99,2017-05-28,,6,3,0,,
3210395503,131,True,2134,2,1,29,2017-05-28,18,1,4,0,,
3210459849,0,False,1902,2,1,51,2017-05-28,18,4,4,0,,
3210848582,3,True,3557,22,7,33,2017-05-29,,3,6,0,,
3212714272,2,False,1904,22,7,104,2017-05-30,,1,12,0,,
3212743939,132,True,2864,1,1,70,2017-05-30,,0,0,1,,
3212758983,132,True,1592,1,1,63,2017-05-30,,4,8,1,,
3213037146,131,False,2128,22,7,41,2017-05-30,18,4,6,0,,
3214814759,132,True,2652,2,1,55,2017-05-31,,5,8,0,,
3215309514,129,False,2254,22,7,51,2017-05-31,18,6,5,0,,
3215379331,1,True,1808,22,7,29,2017-05-31,18,5,2,0,,
3215439282,129,False,2000,22,7,110,2017-05-31,18,3,3,0,,
3217234388,130,False,2396,22,7,98,2017-06-01,18,14,8,0,,
3217305092,130,False,2235,22,7,65,2017-06-01,18,8,5,0,,
3217379178,130,False,2087,22,7,99,2017-06-01,18,7,7,0,,
3218912182,129,True,2629,22,0,27,2017-06-02,,4,12,0,,
3223194078,132,False,3458,22,7,33,2017-06-03,20,8,11,0,,
3223307479,4,False,2004,22,7,99,2017-06-04,20,3,9,0,,
3223383807,1,True,1315,22,7,28,2017-06-04,,7,5,0,,
3223413915,1,True,1750,2,9,88,2017-06-04,20,3,2,0,,
3223459075,129,True,2676,2,9,65,2017-06-04,,4,11,0,,
3225612187,4,True,2069,22,7,33,2017-06-05,20,4,6,0,,
3225652632,132,False,2263,22,0,104,2017-06-05,,6,7,0,,
3227938671,132,False,2079,22,0,13,2017-06-06,,3,5,0,,
3229505226,129,True,2192,22,0,33,2017-06-07,,4,5,0,,
3229541549,1,True,2925,22,0,99,2017-06-07,,13,14,0,,
3229822489,132,False,2575,22,7,13,2017-06-07,20,8,8,0,,
3229887624,132,False,2694,22,7,13,2017-06-07,20,6,4,0,,
3229954653,1,True,1221,22,7,102,2017-06-07,,2,4,0,,
3231778657,4,True,2633,22,7,13,2017-06-08,,7,7,0,,
3231850953,2,False,3300,22,7,13,2017-06-08,20,0,9,0,,
3231936193,130,False,2420,22,7,41,2017-06-08,20,5,8,0,,
3234248961,4,True,2148,22,7,8,2017-06-09,20,11,4,0,,
3234368672,132,True,2330,22,7,18,2017-06-09,,8,5,0,,
3234502724,130,False,2157,22,7,33,2017-06-09,,7,3,0,,
3234682742,4,True,1557,22,0,13,2017-06-09,,10,0,0,,
3234799944,130,False,2332,22,7,13,2017-06-09,20,15,7,0,,
3237203878,1,True,886,22,7,88,2017-06-10,,3,1,0,,
3240664385,2,True,2298,22,7,13,2017-06-11,,6,7,0,,
3242688900,4,True,2757,22,7,100,2017-06-12,20,5,8,0,,
3242794724,1,False,1612,4,0,57,2017-06-12,20,5,4,0,,
3242834859,3,True,1945,4,0,4,2017-06-12,,11,7,0,,
3242885942,129,False,904,4,0,18,2017-06-12,,5,1,0,,
3242992734,132,False,3062,22,7,75,2017-06-12,,5,6,0,,
3243101004,0,True,1153,22,7,57,2017-06-12,,1,4,0,,
3243168072,1,False,3137,22,7,3,2017-06-12,,6,12,0,,
3243294189,131,False,1856,22,7,13,2017-06-12,20,14,2,0,,
3245252597,130,False,2625,22,7,41,2017-06-13,,14,3,0,,
3245307876,3,True,3561,22,7,99,2017-06-13,,16,6,0,,
3245392757,4,False,1748,4,0,33,2017-06-13,,0,5,0,,
3245450187,2,True,1094,4,0,103,2017-06-13,,7,2,0,,
3245730715,130,False,2204,3,0,28,2017-06-13,20,8,2,0,,
3249476904,130,True,2101,22,7,41,2017-06-15,20,4,6,0,,
3250470948,4,True,968,4,0,83,2017-06-15,20,1,1,0,,
3251276464,2,True,3197,22,7,108,2017-06-15,20,11,3,0,,
3251994039,129,False,2154,22,7,16,2017-06-16,20,4,4,0,,
3253880899,2,True,1596,22,0,104,2017-06-17,,7,1,0,,
3256590232,130,False,1798,2,9,33,2017-06-18,,1,4,0,,
3259073989,4,False,3159,22,7,13,2017-06-19,20,3,13,0,,
3259717825,132,False,1343,4,0,20,2017-06-19,,6,4,0,,
3259777994,132,False,1111,4,0,41,2017-06-19,,0,0,0,,
3259832918,132,False,1490,4,0,78,2017-06-19,,10,0,0,,
3263088784,130,True,3193,2,1,104,2017-06-20,20,7,8,0,,
3263161110,1,True,1501,2,1,108,2017-06-21,20,3,0,0,,
3263194992,131,False,2441,2,1,98,2017-06-21,20,11,2,0,,
3263233267,2,True,2591,2,1,108,2017-06-21,20,1,1,0,,
3263286884,131,False,2446,2,1,88,2017-06-21,20,1,7,0,,
3275808176,4,False,1837,2,1,108,2017-06-26,21,0,3,0,,
3276160699,0,False,1771,2,1,51,2017-06-26,21,2,2,0,,
3276224443,4,False,1430,2,1,108,2017-06-27,21,0,4,0,,
3276330348,4,False,2110,2,1,41,2017-06-27,21,1,2,0,,
3276441192,4,False,2009,2,1,98,2017-06-27,21,2,9,0,,
3277991178,3,True,2838,2,1,88,2017-06-27,21,2,2,0,,
3278232189,4,False,1706,2,1,102,2017-06-28,21,1,8,0,,
3278276079,132,True,2577,2,1,41,2017-06-28,20,0,0,1,,
3278288580,132,True,1846,1,1,41,2017-06-28,21,1,5,0,,
3278534680,131,True,4119,2,1,104,2017-06-28,21,10,7,0,,
3286929522,131,False,1531,2,9,55,2017-07-02,,7,0,0,,
3286970079,3,True,1123,2,9,5,2017-07-02,,2,0,0,,
3301828905,4,True,2172,2,9,97,2017-07-09,20,5,2,0,,
3301888779,132,True,1503,2,9,108,2017-07-09,,2,6,0,,
3304154394,130,False,1432,22,7,65,2017-07-10,20,4,2,0,,
3304187371,2,True,1571,22,7,7,2017-07-10,20,5,2,0,,
3304218209,130,False,2789,22,7,112,2017-07-10,20,3,7,0,,
3304278069,131,False,2768,22,7,7,2017-07-10,20,14,3,0,,
3304340734,131,True,3346,22,7,65,2017-07-10,,18,10,0,,
3304417039,131,True,4303,22,7,102,2017-07-10,,4,13,0,,
3304533202,132,False,2192,22,7,78,2017-07-10,20,9,2,0,,
3304601346,132,False,2403,22,7,17,2017-07-10,,7,7,0,,
3304682697,132,False,1758,22,7,15,2017-07-10,,8,3,0,,
3306082261,130,False,3000,22,7,7,2017-07-11,,6,8,0,,
3306144683,3,True,2012,22,7,7,2017-07-11,20,7,6,0,,
3306261339,1,False,3204,22,7,65,2017-07-11,20,13,6,0,,
3306348706,3,True,1610,22,0,16,2017-07-11,,7,4,0,,
3306407719,3,True,2789,22,7,49,2017-07-11,,4,14,0,,
3306495873,3,True,1873,22,7,22,2017-07-11,,7,3,0,,
3307873850,3,False,2637,22,7,65,2017-07-11,,4,13,0,,
3308149458,131,False,3143,22,7,7,2017-07-12,20,15,9,0,,
3308210330,3,True,1878,22,7,78,2017-07-12,20,7,5,0,,
3308262182,2,True,1439,22,7,65,2017-07-12,20,8,0,0,,
3308303659,4,True,2209,22,7,70,2017-07-12,20,14,2,0,,
3308370180,2,False,1519,22,7,2,2017-07-12,20,7,8,0,,
3308529470,132,False,1405,22,0,13,2017-07-12,,7,3,0,,
3309810215,130,False,2655,22,7,81,2017-07-12,20,9,2,0,,
3309854965,130,True,2451,22,7,2,2017-07-13,20,12,9,0,,
3310023643,132,False,2956,22,7,5,2017-07-13,20,5,5,0,,
3310083181,130,False,2751,22,7,7,2017-07-13,,10,3,0,,
3310139494,132,True,2318,22,7,65,2017-07-13,,15,11,0,,
3312026977,0,True,3494,22,7,51,2017-07-14,20,7,8,0,,
3312176515,3,True,2789,22,7,33,2017-07-14,,2,4,0,,
3312253039,131,False,2211,22,7,65,2017-07-14,,7,5,0,,
3312317267,3,True,2558,22,7,7,2017-07-14,,4,7,0,,
3316084925,2,True,2120,2,9,33,2017-07-16,,8,3,0,,
3316139379,130,False,3300,2,9,55,2017-07-16,20,4,3,0,,
3316230257,2,True,1487,2,9,104,2017-07-16,20,4,4,0,,
3316404537,4,False,1982,22,7,7,2017-07-16,20,5,6,0,,
3316479229,132,True,1732,22,7,65,2017-07-16,20,4,6,0,,
3316553041,4,True,4001,22,7,7,2017-07-16,20,10,15,0,,
3318440706,4,True,1999,22,7,7,2017-07-17,20,7,4,0,,
3318494261,4,True,1252,22,7,87,2017-07-17,20,2,1,0,,
3318573001,4,False,1817,22,7,7,2017-07-17,20,2,4,0,,
3318667090,1,False,1534,22,7,86,2017-07-17,20,0,6,0,,
3318719205,4,True,1548,22,7,102,2017-07-17,20,4,5,0,,
3319020215,132,False,435,22,0,7,2017-07-17,,0,0,0,,
3319055682,4,True,434,22,0,7,2017-07-17,,2,1,0,,
3319090853,132,False,2602,22,0,87,2017-07-17,,2,5,0,,
3320375309,128,True,3447,22,7,98,2017-07-18,20,0,10,0,,
3320447948,4,True,2599,22,7,86,2017-07-18,20,1,6,0,,
3320557317,1,True,3329,22,7,88,2017-07-18,20,1,10,0,,
3320639570,128,False,1722,22,7,7,2017-07-18,20,2,6,0,,
3322128966,131,False,1619,22,7,7,2017-07-19,20,11,1,0,,
3322369554,0,True,1998,22,7,7,2017-07-19,,10,5,0,,
3322510555,0,False,1779,22,7,87,2017-07-19,20,2,6,0,,
3322636300,129,False,2230,22,7,65,2017-07-19,20,7,0,0,,
3322858619,132,False,2018,22,0,75,2017-07-19,,6,0,0,,
3322935692,132,False,1611,22,0,98,2017-07-19,20,14,4,0,,
3324284249,128,False,2177,22,7,86,2017-07-20,20,1,7,0,,
3324508210,3,True,1322,22,7,55,2017-07-20,20,6,6,0,,
3326017826,132,False,1711,22,0,54,2017-07-21,20,12,2,0,,
3328313123,0,False,2209,22,7,55,2017-07-22,20,6,7,0,,
3328374772,4,False,2846,22,7,7,2017-07-22,20,1,9,0,,
3328468196,131,True,5023,22,7,75,2017-07-22,20,7,18,0,,
3328656109,4,False,2563,22,7,86,2017-07-22,20,1,9,0,,
3328767810,2,False,2194,22,7,78,2017-07-22,20,4,5,0,,
3329749416,132,False,2480,22,7,7,2017-07-22,20,3,6,0,,
3329879715,1,False,1461,22,7,55,2017-07-22,20,2,8,0,,
3329935302,130,True,1703,22,7,51,2017-07-22,20,1,12,0,,
3329996279,0,True,1825,22,7,33,2017-07-22,20,4,5,0,,
3330068271,4,True,1683,22,7,55,2017-07-22,20,4,4,0,,
3330617467,132,True,2143,22,7,86,2017-07-23,20,2,11,0,,
3330689628,4,True,2146,22,7,65,2017-07-23,20,3,2,0,,
3330767154,130,False,3684,22,7,41,2017-07-23,20,3,15,0,,
3332806445,4,False,2710,22,7,7,2017-07-24,20,3,10,0,,
3332872954,128,False,1656,22,7,88,2017-07-24,20,5,7,0,,
3333100171,129,False,1216,4,0,40,2017-07-24,20,3,4,0,,
3333545708,132,False,1561,4,0,77,2017-07-24,,9,1,0,,
3333625620,4,True,1293,4,0,1,2017-07-24,,6,0,0,,
3334334780,131,True,2799,22,7,7,2017-07-25,,6,4,0,,
3334443167,3,True,1922,22,7,55,2017-07-25,20,4,0,0,,
3334479779,131,True,1321,22,7,55,2017-07-25,20,0,4,0,,
3334555820,0,False,2854,22,7,28,2017-07-25,20,3,12,0,,
3334640789,3,False,3360,22,7,87,2017-07-25,20,10,10,0,,
3336168032,0,True,2579,22,7,55,2017-07-25,20,10,2,0,,
3336248114,129,False,2915,22,7,33,2017-07-26,20,5,5,0,,
3336294484,130,False,2231,22,7,6,2017-07-26,20,12,4,0,,
3336375659,1,False,2004,22,7,86,2017-07-26,20,1,6,0,,
3338165781,3,True,1477,22,7,41,2017-07-27,20,4,1,0,,
3338418869,2,False,2011,22,7,98,2017-07-27,20,0,7,0,,
3338463103,128,True,2057,22,7,87,2017-07-27,20,4,4,0,,
3338513818,1,True,2963,22,7,51,2017-07-27,20,6,7,0,,
3338642734,4,True,2151,22,7,55,2017-07-27,20,6,3,0,,
3340373842,0,True,1312,22,7,16,2017-07-28,20,4,3,0,,
3340406068,129,False,2805,22,7,71,2017-07-28,20,2,14,0,,
3340510317,1,True,2230,22,7,7,2017-07-28,20,6,6,0,,
3341828672,1,True,1803,22,0,7,2017-07-28,,10,4,0,,
3341896809,129,False,3410,22,0,7,2017-07-28,,24,4,0,,
3342002779,1,True,1941,22,0,41,2017-07-28,20,7,0,0,,
3342429759,131,False,2097,22,7,51,2017-07-29,20,10,8,0,,
3344514313,4,True,1920,22,0,7,2017-07-30,20,15,2,0,,
3344555337,132,False,1428,22,0,104,2017-07-30,20,7,1,0,,
3344651192,3,True,1722,2,9,7,2017-07-30,20,5,4,0,,
3344704749,3,True,1663,2,9,16,2017-07-30,20,3,4,0,,
3344759397,131,True,1692,2,9,7,2017-07-30,20,4,3,0,,
3344852868,0,False,3456,22,7,33,2017-07-30,20,11,9,0,,
3345008604,1,True,1903,22,7,41,2017-07-30,20,2,3,0,,
3346709587,132,False,1867,3,0,41,2017-07-31,,13,0,0,,
3346747859,4,True,1841,22,0,7,2017-07-31,,15,1,0,,
3346780706,132,False,1951,22,0,31,2017-07-31,,10,3,0,,
3346838561,131,False,1713,22,7,51,2017-07-31,20,9,3,0,1,
3346926866,129,False,1996,22,7,64,2017-07-31,20,5,6,0,1,
3348393486,2,True,2042,22,7,7,2017-07-31,20,13,5,0,5,
3348450616,2,True,1880,22,0,7,2017-07-31,,4,2,0,,
3348774989,130,True,2138,22,7,16,2017-08-01,20,2,6,0,1,
3348816737,4,True,1364,22,7,98,2017-08-01,20,9,0,0,1,
3348868269,131,False,2205,22,7,65,2017-08-01,20,17,2,0,5,
3348913463,3,True,2976,22,7,7,2017-08-01,,23,5,0,,
3350188918,3,True,1555,22,0,2,2017-08-01,,11,6,0,,
3350243019,3,True,1660,22,0,7,2017-08-01,,17,2,0,,
3350294804,3,True,1991,22,0,29,2017-08-01,,7,5,0,,
3350379067,128,False,2605,22,7,7,2017-08-01,20,8,5,0,1,
3351956592,131,False,1950,3,0,99,2017-08-02,,13,6,0,,
3352421072,129,False,2570,4,0,9,2017-08-03,,5,4,0,,
3352508695,132,False,2515,4,0,69,2017-08-03,,11,3,0,,
3358854964,132,False,1928,22,0,7,2017-08-06,20,5,5,0,,
3358935591,4,True,1708,22,0,7,2017-08-06,,6,3,0,,
3359040572,132,False,2778,22,0,41,2017-08-06,,9,2,0,,
3360190397,132,False,2142,22,0,33,2017-08-06,,7,2,0,,
3360264657,1,True,3107,22,0,7,2017-08-06,,11,7,0,,
3360648633,2,True,2685,22,7,33,2017-08-07,20,6,4,0,5,
3361017283,129,False,1390,22,0,8,2017-08-07,,7,1,0,,
3364617299,4,False,3105,22,7,7,2017-08-09,20,12,10,0,5,
3364690551,3,True,3689,22,7,7,2017-08-09,20,5,12,0,,
3364801045,129,False,1302,22,7,102,2017-08-09,20,4,1,0,,
3364858444,1,True,1582,22,7,65,2017-08-09,,2,1,0,,
3364917470,1,True,2700,22,7,97,2017-08-09,,2,5,0,,
3366546438,3,True,2730,22,7,33,2017-08-10,20,4,2,0,,
3366617531,130,False,1981,22,7,97,2017-08-10,20,3,2,0,,
3366675964,130,False,1355,22,7,75,2017-08-10,20,3,2,0,,
3368451574,1,True,2974,22,7,99,2017-08-11,20,8,5,0,5,
3368522294,1,False,2116,22,7,7,2017-08-11,20,3,3,0,5,
3368578718,129,False,2429,22,7,97,2017-08-11,20,1,5,0,,
3370672836,130,False,2786,22,7,104,2017-08-12,20,17,8,0,,
3370767753,130,False,1809,22,7,2,2017-08-12,,18,3,0,,
3370838404,130,True,2665,22,7,41,2017-08-12,,9,8,0,,
3370939318,130,False,2320,22,7,18,2017-08-12,20,13,3,0,,
3373028123,132,False,2941,22,7,53,2017-08-13,20,11,12,0,5,
3373118931,4,True,2812,22,7,6,2017-08-13,20,12,5,0,,
3373231564,128,False,2450,22,7,12,2017-08-13,,14,1,0,,
3377454869,1,True,2169,22,7,88,2017-08-15,20,5,2,0,5,
3377508550,129,False,2469,22,7,41,2017-08-15,,5,6,0,,
3379768616,4,True,2019,22,7,7,2017-08-16,20,9,2,0,5,
3381562303,131,False,2907,22,7,2,2017-08-17,20,8,11,0,1,
3381645011,4,True,3237,22,7,108,2017-08-17,20,3,2,0,1,
3382254186,132,False,838,4,0,40,2017-08-17,20,8,1,0,5,
3383782542,129,True,3053,22,7,2,2017-08-18,,8,15,0,,
3383897330,131,False,1596,22,0,8,2017-08-18,,10,0,0,,
3383947109,3,True,1973,22,0,97,2017-08-18,20,11,9,0,,
3384043936,128,True,2185,22,7,29,2017-08-18,20,4,9,0,,
3384103736,130,False,2045,22,7,2,2017-08-18,20,3,7,0,,
3384266672,2,True,2698,22,7,33,2017-08-18,20,7,6,0,,
3386080261,130,True,2572,4,0,40,2017-08-19,20,4,13,0,3,
3386144454,129,False,1744,4,0,73,2017-08-19,,8,3,0,,
3386201630,2,True,1463,4,0,80,2017-08-19,,5,0,0,,
3386245472,2,True,1667,4,0,69,2017-08-19,20,5,6,0,,
3386300457,130,True,1883,4,0,114,2017-08-19,20,6,7,0,,
3386364056,2,True,1164,4,0,61,2017-08-19,,2,0,0,,
3388964537,4,False,2825,22,7,7,2017-08-20,20,8,13,0,1,
3389050402,2,False,2113,22,7,7,2017-08-20,20,6,6,0,,
3389119948,2,True,2971,22,7,7,2017-08-20,20,8,7,0,,
3389281985,129,False,2445,22,7,41,2017-08-20,20,1,2,0,,
3389493575,128,False,1438,22,7,102,2017-08-20,20,3,3,0,1,
3391733473,4,True,2331,22,0,97,2017-08-21,20,11,6,0,5,
3391796419,4,False,1710,3,0,7,2017-08-21,20,1,5,0,5,
3394069046,130,False,2012,22,0,2,2017-08-22,,21,2,0,,
3394184093,1,True,3699,22,7,97,2017-08-22,,6,9,0,,
3394609853,2,True,1153,4,0,84,2017-08-22,20,3,0,0,5,
3396166778,2,True,1977,22,0,33,2017-08-23,20,2,3,0,5,
3396216930,3,True,2247,22,0,7,2017-08-23,20,7,7,0,5,
3396292516,131,False,3122,22,0,86,2017-08-23,20,3,9,0,5,
3396528785,130,False,2427,4,0,79,2017-08-23,,6,6,0,,
3396610731,130,False,1742,4,0,63,2017-08-23,,7,4,0,,
3397403532,1,True,1241,4,0,48,2017-08-23,,9,1,0,,
3399117416,3,True,1762,4,0,83,2017-08-24,,2,2,0,,
3399201025,2,True,1366,4,0,109,2017-08-24,20,3,2,0,3,
3399278436,132,False,2428,4,0,83,2017-08-24,,3,4,0,,
3399485646,4,True,1513,4,0,23,2017-08-24,,2,0,0,,
3399583855,129,False,1239,4,0,55,2017-08-24,20,3,0,0,,
3400791374,132,True,2545,22,7,7,2017-08-25,20,4,10,0,,
3400897648,132,True,1929,22,7,7,2017-08-25,20,3,7,0,1,
3401791770,4,True,1856,22,0,40,2017-08-25,20,3,3,0,5,
3402260489,130,False,2656,22,0,40,2017-08-25,20,14,4,0,,
3402352077,131,False,2519,22,7,71,2017-08-25,20,5,13,0,3,
3402558722,130,False,2607,22,0,4,2017-08-25,20,21,6,0,5,
3402620037,2,True,2487,3,0,33,2017-08-25,20,6,0,0,5,
3403359209,4,False,4274,22,7,7,2017-08-26,20,10,8,0,5,
3403520947,3,True,2102,22,0,40,2017-08-26,,17,6,0,,
3403630926,132,True,2103,22,0,41,2017-08-26,20,0,7,0,5,
3403715417,4,False,2905,22,0,48,2017-08-26,20,8,7,0,5,
3403837794,1,True,2364,22,0,97,2017-08-26,,7,5,0,,
3405123325,131,False,661,22,0,44,2017-08-26,,2,0,0,,
3405162963,131,False,2238,22,0,18,2017-08-27,20,6,2,0,5,
3405495702,132,True,2350,22,0,7,2017-08-27,20,6,9,0,5,
3405568233,3,True,2592,22,0,7,2017-08-27,,4,8,0,,
3405661658,1,True,2036,3,0,79,2017-08-27,,4,2,0,,
3407475080,1,True,2559,22,7,33,2017-08-27,,4,5,0,,
3407544147,1,True,1508,22,7,97,2017-08-27,20,5,3,0,5,
3407588337,129,True,2554,22,7,4,2017-08-27,,8,7,0,,
3408881621,132,False,1642,22,7,65,2017-08-28,,4,2,0,,
3409398652,3,True,2290,22,7,65,2017-08-28,,13,5,0,,
3409479102,3,True,2369,22,7,40,2017-08-28,,11,3,0,,
3409554750,131,False,2686,22,7,40,2017-08-28,,9,10,0,,
3409700896,132,False,2294,22,7,41,2017-08-28,20,10,3,0,5,
3409765786,131,False,2305,22,7,18,2017-08-28,20,25,3,0,5,
3409808319,3,False,2694,22,7,51,2017-08-29,20,8,15,0,5,
3409899351,132,False,2484,22,7,48,2017-08-29,20,11,6,0,3,
3409946967,2,True,2874,22,7,33,2017-08-29,,13,0,0,,
3410775624,132,False,1466,4,0,86,2017-08-29,,17,2,0,,
3410862166,4,True,1481,4,0,67,2017-08-29,,1,1,0,,
3411664575,129,False,2234,22,0,6,2017-08-29,20,8,6,0,2,
3411730925,1,True,2060,22,0,81,2017-08-29,20,11,3,0,2,
3411877693,130,True,1800,22,0,44,2017-08-29,20,8,8,0,3,
3411924479,1,False,2989,22,7,97,2017-08-30,20,6,10,0,5,
3411992893,3,True,2371,22,7,44,2017-08-30,,19,6,0,,
3412031779,3,False,2485,22,7,29,2017-08-30,,4,7,0,,
3412082751,3,True,3242,22,7,95,2017-08-30,20,19,8,0,5,
3413327557,1,True,1567,4,0,61,2017-08-30,20,6,4,0,2,
3413620907,130,False,1732,22,0,9,2017-08-30,20,12,1,0,3,
3413698517,3,True,2284,22,7,6,2017-08-30,20,10,7,0,5,
3413968813,2,False,1843,22,7,86,2017-08-30,20,5,8,0,3,
3414018536,2,True,2266,22,7,55,2017-08-30,,13,3,0,,
3414080074,0,False,3573,22,7,33,2017-08-30,20,6,9,0,5,
3414151170,128,True,3057,22,7,98,2017-08-31,20,6,8,0,5,
3414218220,3,True,2955,22,7,40,2017-08-31,,8,3,0,,
3414268240,131,True,2277,22,7,77,2017-08-31,,11,4,0,,
3414316173,1,False,2830,22,0,51,2017-08-31,20,4,10,0,2,
3414379215,1,False,2400,22,7,41,2017-08-31,,3,7,0,,
3416385366,130,False,2510,22,7,41,2017-09-01,20,9,0,0,3,
3416490415,4,False,2822,22,7,40,2017-09-01,20,5,12,0,5,
3418066194,130,True,3263,22,7,93,2017-09-01,,24,8,0,,
3418367674,1,False,2583,22,7,40,2017-09-01,20,1,8,0,5,
3418422672,1,False,2272,22,7,6,2017-09-01,,5,4,0,,
3420920412,131,False,2035,22,0,97,2017-09-03,,6,4,0,,
3420981813,131,False,2484,22,0,7,2017-09-03,,7,7,0,,
3421037601,131,False,1698,3,0,27,2017-09-03,20,4,5,0,5,
3421085859,131,False,2225,3,0,97,2017-09-03,,3,1,0,,
3423182059,130,False,2224,22,7,88,2017-09-04,,4,6,0,,
3423218992,129,True,1259,22,7,97,2017-09-04,20,3,2,0,5,
3423246702,1,True,2054,22,7,70,2017-09-04,20,19,5,0,5,
3423286457,129,False,2914,22,7,44,2017-09-04,,34,5,0,,
3424905050,129,False,2714,22,7,108,2017-09-04,,0,7,0,,
3424958302,129,True,2721,22,7,97,2017-09-04,,6,4,0,,
3425016420,1,True,1999,22,7,97,2017-09-05,,3,4,0,,
3425066047,1,True,1988,22,0,13,2017-09-05,20,7,5,0,5,
3425252825,4,True,2420,22,7,13,2017-09-05,,11,8,0,,
3426852788,131,False,2293,4,0,60,2017-09-06,20,21,4,0,,
3426894755,130,False,2868,4,0,56,2017-09-06,20,25,9,0,5,
3427002529,1,True,1783,22,0,70,2017-09-06,20,9,3,0,5,
3428500582,2,True,2493,22,7,7,2017-09-06,,19,4,0,,
3428545871,2,False,2377,22,7,97,2017-09-06,,1,9,0,,
3428597157,2,True,2893,22,7,16,2017-09-07,,12,9,0,,
3428845578,1,True,1431,22,7,48,2017-09-07,20,7,3,0,5,
3430228832,132,True,2432,22,7,96,2017-09-07,20,6,8,0,3,
3430288782,2,False,2699,22,7,7,2017-09-07,20,12,6,0,3,
3430383426,2,False,2861,22,7,53,2017-09-07,,8,14,0,,
3430447530,3,False,2927,22,7,53,2017-09-08,,6,9,0,,
3430749892,2,True,2278,4,0,16,2017-09-08,20,8,4,0,5,
3432328827,3,False,2611,22,7,104,2017-09-08,,9,9,0,,
3432520091,0,True,1861,3,0,78,2017-09-09,20,15,1,0,5,
3434560565,131,False,1245,2,1,7,2017-09-09,,8,0,0,,
3434632828,131,False,1840,2,1,7,2017-09-09,20,12,0,0,10,
3434694153,3,True,1034,2,1,7,2017-09-10,20,4,1,0,10,
3436740834,0,True,1881,22,0,96,2017-09-10,,7,4,0,,
3436845415,130,True,2549,2,1,55,2017-09-10,20,4,7,0,10,
3437118032,130,True,1938,22,0,40,2017-09-11,20,4,11,0,3,
3437161688,129,False,3823,22,0,36,2017-09-11,,14,10,0,,
3438469724,130,True,1909,22,0,65,2017-09-11,20,8,5,0,2,
3438966494,128,False,1980,22,7,28,2017-09-12,,1,7,0,,
3439008588,0,True,2044,22,7,42,2017-09-12,20,8,1,0,5,
3439074175,132,False,2565,22,7,71,2017-09-12,20,5,13,0,2,
3440498637,132,False,2125,22,7,53,2017-09-12,,11,3,0,,
3440540280,132,False,3084,22,7,53,2017-09-12,,5,11,0,,
3442317364,132,False,3029,22,7,36,2017-09-13,,22,8,0,,
3442371598,4,True,1423,22,7,40,2017-09-13,,4,3,0,,
3442472457,2,True,1378,2,1,57,2017-09-14,,2,0,0,,
3442500848,129,False,1159,2,1,40,2017-09-14,20,4,0,0,,
3442551662,1,True,1875,3,0,51,2017-09-14,,2,2,0,,
3442664752,1,True,2082,22,7,36,2017-09-14,20,18,1,0,,
3442709120,1,True,2758,22,7,96,2017-09-14,,4,4,0,,
3444258653,4,False,2346,2,1,55,2017-09-15,20,0,4,0,,
3444473225,132,False,2998,22,0,36,2017-09-15,20,11,6,0,,
3444543305,132,False,1704,22,7,40,2017-09-15,20,6,7,0,,
3444707105,129,False,3189,3,0,78,2017-09-15,20,13,8,0,,
3444890051,132,False,1895,3,0,4,2017-09-15,,12,4,0,,
3446717276,130,True,2429,22,0,98,2017-09-16,,3,5,0,,
3450780998,1,True,2339,22,7,112,2017-09-18,,6,2,0,,
3450904021,0,True,2504,22,7,33,2017-09-18,20,6,3,0,5,
3451093733,129,True,1485,22,0,1,2017-09-18,,1,2,0,,
3451130811,131,True,3179,22,0,12,2017-09-18,,22,7,0,,
3452181838,2,True,2743,22,0,41,2017-09-18,20,10,4,0,3,
3452805760,0,True,2336,5,0,55,2017-09-19,20,10,5,0,5,
3454597043,2,True,2673,22,0,12,2017-09-20,,18,1,0,,
3456268554,2,True,3363,3,0,7,2017-09-21,20,7,8,0,,
3456357348,130,False,893,22,0,97,2017-09-21,,3,1,0,,
3456397861,130,False,1970,22,0,41,2017-09-21,,5,2,0,,
3456649192,128,True,3051,3,0,4,2017-09-21,,25,10,0,,
3457780324,129,False,2720,22,0,16,2017-09-21,20,10,8,0,,
3457877824,3,False,2495,2,1,97,2017-09-21,21,2,5,0,,
3458242081,1,False,1784,22,0,54,2017-09-22,20,4,7,0,3,
3458285148,129,False,2386,22,0,63,2017-09-22,20,10,7,0,3,
3458348401,128,False,2431,22,0,40,2017-09-22,,2,6,0,,
3459967458,3,True,1521,22,0,65,2017-09-23,20,6,2,1,5,
3460402162,132,True,2027,22,0,13,2017-09-23,20,12,5,0,5,
3462452128,4,True,3110,3,0,58,2017-09-24,,10,5,0,,
3464599165,4,True,2448,22,0,114,2017-09-25,,22,4,0,,
3464653584,3,True,2592,3,0,16,2017-09-25,,13,4,0,,
3464711966,131,True,2619,22,0,12,2017-09-25,,15,5,0,,
3468561431,3,False,1864,22,0,63,2017-09-27,20,5,6,0,4,
3468612261,130,False,2514,22,0,16,2017-09-27,20,8,5,0,5,
3468899120,3,False,2580,22,0,18,2017-09-27,20,4,9,0,5,
3468988497,130,False,2484,22,0,40,2017-09-27,20,9,2,0,5,
3469100276,130,False,2979,22,0,18,2017-09-27,,28,7,0,,
3470155811,2,True,1158,22,0,45,2017-09-28,20,5,1,0,3,
3470188954,130,True,2715,22,0,45,2017-09-28,,11,7,0,,
3470263519,132,False,2967,22,0,67,2017-09-28,20,16,5,0,4,
3472009747,4,False,2458,22,0,45,2017-09-29,,4,12,0,,
3472073769,4,False,1789,22,0,44,2017-09-29,20,1,5,0,5,
3472122636,4,True,2710,22,0,4,2017-09-29,,28,6,0,,
3477746619,131,False,1686,4,0,64,2017-10-01,,5,4,0,,
3477798355,4,False,2833,22,0,64,2017-10-01,,11,6,0,,
3477840780,132,True,2345,22,0,7,2017-10-02,,14,2,0,,
3478109019,132,True,3068,4,0,21,2017-10-02,20,3,9,0,5,
3479620059,1,True,2295,22,0,114,2017-10-02,,12,4,0,,
3479656258,2,True,2169,22,0,114,2017-10-03,,21,1,0,,
3479885112,1,False,1643,22,0,114,2017-10-03,,2,4,0,,
3480714760,2,False,3556,22,0,114,2017-10-03,20,19,6,0,5,
3480867806,2,True,2794,22,0,84,2017-10-03,,6,7,0,,
3481592880,2,True,2594,22,7,78,2017-10-04,,11,4,0,,
3481644875,129,True,4055,22,0,41,2017-10-04,20,11,7,0,4,
3481717070,3,True,2995,22,0,102,2017-10-04,,15,3,0,,
3481827389,2,True,1846,3,0,65,2017-10-04,,5,1,0,,
3482668553,4,True,850,22,0,65,2017-10-04,20,0,2,0,5,
3482739040,4,True,1973,22,0,65,2017-10-04,20,8,2,0,5,
3483550139,3,True,1584,22,0,5,2017-10-05,,7,3,0,,
3485124785,131,True,2915,3,0,64,2017-10-06,,1,5,0,,
3485162534,131,False,1905,3,0,78,2017-10-06,,7,0,0,,
3487404735,132,False,2191,22,7,114,2017-10-07,20,2,2,0,1,
3489208749,130,True,2866,22,0,40,2017-10-07,,8,11,0,,
3489298925,3,True,1266,2,1,7,2017-10-08,21,4,0,0,,
3489339201,4,False,3827,2,1,55,2017-10-08,21,6,4,0,,
3491797625,131,False,2935,22,7,31,2017-10-09,20,1,12,0,1,
3493102530,0,True,2106,22,0,45,2017-10-09,20,5,2,0,5,
3493135874,0,True,3085,3,0,45,2017-10-10,,11,5,0,,
3493388952,130,True,2413,3,0,13,2017-10-10,20,8,6,0,5,
3494396984,132,False,1678,22,0,45,2017-10-10,,16,2,0,,
3494485209,132,False,1723,22,0,45,2017-10-10,20,16,1,0,5,
3494949030,131,True,2786,22,0,45,2017-10-11,,7,7,0,,
3495061988,131,True,631,3,0,40,2017-10-11,20,1,0,1,5,
3495227866,0,True,1382,22,7,45,2017-10-11,,1,5,0,,
3496257038,4,True,1672,22,0,64,2017-10-11,,9,0,0,,
3496332519,4,False,2461,22,0,110,2017-10-11,,10,6,0,,
3496389203,4,False,2429,3,0,3,2017-10-11,,4,4,0,,
3496439343,4,True,2179,3,0,18,2017-10-11,20,5,3,0,5,
3496883723,128,False,2294,22,7,78,2017-10-12,20,6,4,0,1,
3498146345,2,True,3053,4,0,17,2017-10-12,,26,10,0,,
3498205623,130,False,2554,4,0,102,2017-10-12,,7,7,0,,
3498252336,130,True,1551,4,0,69,2017-10-13,,0,7,0,,
3498783257,132,False,2052,22,0,40,2017-10-13,20,3,7,0,5,
3500415647,132,False,2605,22,0,40,2017-10-14,20,8,4,0,5,
3500482101,132,False,4570,22,0,40,2017-10-14,,4,8,0,,
3502687198,2,True,2328,22,0,7,2017-10-15,,9,4,0,,
3502764013,2,False,3036,3,0,95,2017-10-15,20,5,2,0,5,
3502865841,2,False,3511,3,0,42,2017-10-15,20,19,9,0,5,
3503095905,3,True,1704,22,7,33,2017-10-15,20,6,1,0,1,
3504798433,130,True,1642,3,0,33,2017-10-16,,0,5,0,,
3504838432,130,False,3189,3,0,97,2017-10-16,,2,6,0,,
3504910052,2,False,2716,3,0,45,2017-10-16,20,2,7,0,5,
3506436009,3,True,2991,3,0,38,2017-10-17,,3,5,0,,
3506502398,131,False,1962,22,0,97,2017-10-17,20,2,3,0,5,
3506555293,3,False,2969,3,0,45,2017-10-17,,13,10,0,,
3506875690,132,False,2363,3,0,45,2017-10-17,20,12,3,0,5,
3506951011,131,False,2002,3,0,97,2017-10-17,20,10,4,0,,
3508704551,4,False,3139,3,0,97,2017-10-18,,3,2,0,,
3509906419,3,True,1763,3,0,63,2017-10-19,20,16,1,0,5,
3509937514,131,True,2824,22,0,112,2017-10-19,20,7,10,0,5,
3509987550,4,True,2578,22,0,97,2017-10-19,20,4,9,0,5,
3511655151,130,True,1552,22,0,98,2017-10-20,20,7,8,0,,
3511687366,132,True,3441,22,0,40,2017-10-20,20,10,8,0,5,
3511757432,132,True,1498,3,0,97,2017-10-20,,3,3,0,,
3511801238,4,True,3033,3,0,33,2017-10-20,,11,7,0,,
3513762249,132,True,2558,3,0,96,2017-10-21,,3,6,0,,
3519274944,3,False,2645,22,0,13,2017-10-23,,1,8,0,,
3519321627,3,True,2508,3,0,29,2017-10-23,,6,1,0,,
3524827653,2,False,2280,22,0,65,2017-10-27,,3,7,0,,
3525689409,3,True,2388,3,0,104,2017-10-27,20,7,6,0,5,
3526611493,130,True,2800,3,0,57,2017-10-28,,6,7,0,,
3526671471,130,False,1932,3,0,102,2017-10-28,20,8,2,0,5,
3526738444,3,True,2581,22,0,104,2017-10-28,,14,3,0,,
3526802273,3,True,1603,22,0,104,2017-10-28,,5,2,0,,
3526851235,131,True,3007,22,0,104,2017-10-28,20,6,12,0,5,
3530054079,2,True,1060,4,0,29,2017-10-29,,1,1,0,,
3532571589,0,True,2383,22,0,41,2017-10-31,20,20,6,0,5,
3532639831,3,True,3084,3,0,98,2017-10-31,,6,8,0,,
3532698665,1,False,2056,3,0,104,2017-10-31,20,6,5,0,5,
3534329696,129,True,1751,3,0,38,2017-11-01,20,3,12,0,5,
3534359957,130,False,2256,3,0,15,2017-11-01,20,10,3,0,4,
3534408562,4,False,2685,22,0,2,2017-11-01,,14,10,0,,
3534454961,131,False,3106,3,0,65,2017-11-01,,8,8,0,,
3534522658,2,False,2172,3,0,120,2017-11-01,,2,8,0,5,
3534577417,2,False,4211,3,0,100,2017-11-01,,7,13,0,,
3534700474,2,True,1929,22,0,104,2017-11-01,20,8,2,0,5,
3534771728,129,False,2034,22,0,65,2017-11-01,,3,2,0,5,
3534841368,129,False,2056,22,0,38,2017-11-01,,14,6,0,5,
3536014505,2,False,2420,22,0,120,2017-11-01,20,3,8,0,5,
3536119956,130,True,3187,22,0,33,2017-11-01,20,12,5,0,5,
3536251264,132,False,2452,22,0,114,2017-11-01,20,15,6,0,5,
3536333594,131,False,2594,22,0,120,2017-11-01,,6,4,0,,
3536409305,129,False,2201,22,0,120,2017-11-01,,4,3,0,,
3536491160,129,False,3333,3,0,114,2017-11-01,20,13,13,0,5,
3536712660,3,True,1406,22,0,9,2017-11-02,,4,2,0,,
3536914998,4,True,2919,22,0,42,2017-11-02,,14,8,0,,
3536992021,1,False,1381,22,0,62,2017-11-02,20,8,8,0,,
3537148474,2,True,2020,22,0,98,2017-11-02,20,3,8,0,5,
3538970234,2,False,1846,22,0,120,2017-11-03,20,0,8,0,5,
3539016892,130,True,1843,22,0,120,2017-11-03,20,4,8,0,5,
3539075134,130,True,3858,3,0,78,2017-11-03,20,5,5,0,5,
3539230851,3,False,1695,22,0,13,2017-11-03,,4,5,0,,
3539298005,1,False,3123,22,0,53,2017-11-03,20,13,7,0,4,
3539410551,3,True,2078,22,0,13,2017-11-03,20,3,3,0,5,
3539495111,3,True,2150,22,0,53,2017-11-03,20,8,4,0,5,
3541052303,4,False,2601,22,0,53,2017-11-04,,7,12,0,,
3541113124,2,False,2316,22,0,57,2017-11-04,20,1,3,0,5,
3541180542,130,False,1852,22,0,13,2017-11-04,,8,3,0,,
3543381078,2,True,1774,22,0,13,2017-11-05,20,7,3,0,5,
3543417412,130,False,1844,22,0,13,2017-11-05,,11,1,0,,
3543629299,1,False,1792,22,0,53,2017-11-05,20,4,5,1,2,
3543811784,132,False,2211,4,0,53,2017-11-05,,9,3,0,,
3544036548,0,False,1795,22,7,13,2017-11-05,20,9,4,0,1,
3545814101,132,False,2909,22,0,13,2017-11-06,,2,3,0,,
3545878946,130,False,1527,22,0,53,2017-11-06,,12,2,0,,
3549232173,3,True,2001,2,1,108,2017-11-07,20,2,2,0,10,
3550938633,4,True,2570,2,1,13,2017-11-08,21,5,1,0,10,
3550978543,129,False,2481,2,1,78,2017-11-09,21,4,2,0,,
3551015980,0,False,2024,2,1,13,2017-11-09,21,3,1,0,,
3551054910,130,True,1982,2,1,108,2017-11-09,21,1,5,0,,
3553032946,0,False,1781,22,7,13,2017-11-10,,5,4,0,,
3558978411,132,False,1174,2,1,57,2017-11-13,,1,0,0,,
3559031107,131,False,1337,2,1,53,2017-11-13,21,7,1,0,,
3559073289,4,False,2989,2,1,57,2017-11-13,20,7,6,0,10,
3559136279,132,False,3177,2,1,65,2017-11-13,20,15,3,0,10,
3559208752,1,True,2637,2,1,38,2017-11-13,20,6,11,0,10,
3560995321,2,True,2241,22,0,38,2017-11-14,,6,8,0,,
3565938077,132,True,1737,22,0,13,2017-11-17,20,9,2,0,5,
3565966244,131,True,1855,3,0,41,2017-11-17,,3,3,0,,
3566119218,131,False,2080,4,0,29,2017-11-17,,6,0,0,,
3566165900,3,True,1820,4,0,7,2017-11-17,,17,4,0,,
3566675927,2,True,2549,22,7,13,2017-11-17,20,12,2,0,3,
3572066137,132,False,1033,4,0,88,2017-11-20,21,3,2,0,5,
3572112174,3,True,1456,2,1,57,2017-11-20,21,6,0,0,10,
3572143492,4,True,1509,2,1,69,2017-11-20,21,2,2,0,10,
3572193163,4,True,1625,2,1,65,2017-11-20,21,2,3,0,10,
3572237599,4,True,1735,2,1,65,2017-11-20,21,3,3,0,10,
3574844388,1,False,2401,22,7,13,2017-11-21,21,5,7,0,2,
3576274141,3,True,1440,3,0,98,2017-11-22,21,8,1,0,5,
3577026355,3,False,1724,22,7,29,2017-11-23,21,1,6,0,1,
3577056115,129,False,1958,22,7,55,2017-11-23,21,8,3,0,1,
3577095068,1,False,1647,22,7,57,2017-11-23,21,2,6,0,1,
3577132625,0,False,1491,22,7,97,2017-11-23,21,1,2,0,1,
3577165270,130,False,2507,22,7,98,2017-11-23,,7,4,0,,
3577220243,0,False,1725,22,7,78,2017-11-23,,0,6,0,,
3577260221,3,True,2631,22,7,57,2017-11-23,21,7,5,0,1,
3577323721,129,True,1638,22,7,104,2017-11-23,,4,4,0,,
3578175556,2,False,2111,22,7,104,2017-11-23,21,8,8,0,1,
3578280495,130,False,2333,22,7,55,2017-11-23,,5,1,0,,
3578338702,4,True,1575,22,7,69,2017-11-23,,6,3,0,1,
3580396941,1,True,1425,22,7,57,2017-11-24,,2,3,0,,
3580461619,131,False,1845,22,7,13,2017-11-25,21,7,1,0,1,
3580549705,132,True,1855,2,1,78,2017-11-25,21,2,8,0,10,
3580598342,4,False,1317,2,1,57,2017-11-25,21,0,3,0,10,
3580646830,131,True,2088,22,7,78,2017-11-25,21,3,7,0,1,
3582488610,132,True,1691,22,7,104,2017-11-25,21,5,6,0,1,
3582661538,1,False,2187,22,7,27,2017-11-26,21,4,15,0,1,
3582707482,3,False,2549,22,7,13,2017-11-26,21,8,5,3,1,
3582748303,2,False,2082,2,1,13,2017-11-26,21,4,2,0,10,
3582798598,130,False,2814,2,1,29,2017-11-26,21,3,3,0,10,
3582889367,131,True,1956,2,1,102,2017-11-26,21,4,2,0,10,
3584681940,130,True,2784,22,7,51,2017-11-26,21,7,6,0,1,
3586409527,128,True,1949,22,7,7,2017-11-27,21,6,8,0,1,
3586442375,129,True,2752,22,7,13,2017-11-27,21,12,3,0,1,
3586479360,132,False,3674,22,7,57,2017-11-28,21,11,10,0,1,
3589753884,4,True,1296,22,7,78,2017-11-29,21,1,1,0,1,
3589783493,129,False,1514,22,7,40,2017-11-29,,8,4,0,,
3590019811,2,False,1632,22,7,54,2017-11-30,21,3,3,0,1,
3590055741,3,False,1291,22,7,51,2017-11-30,21,1,5,0,1,
3590099095,128,True,1881,22,7,13,2017-11-30,21,4,3,0,1,
3590140100,0,True,1188,22,7,9,2017-11-30,21,4,0,0,,
3590198155,128,False,3129,22,7,111,2017-11-30,21,3,7,0,1,
3590329807,128,True,3424,22,7,13,2017-11-30,21,9,8,0,1,
3590416101,131,False,1576,22,7,65,2017-11-30,21,6,6,0,1,
3590504863,129,True,1923,22,7,69,2017-11-30,,5,8,0,,
3590564381,3,False,1737,22,7,120,2017-11-30,,2,4,0,,
3592135432,0,True,1863,22,7,29,2017-12-01,21,1,7,0,1,
3592233007,0,False,2430,22,7,78,2017-12-01,21,9,6,0,1,
3592303944,129,True,2284,22,7,104,2017-12-01,,3,7,0,,
3593358775,131,False,1953,22,7,69,2017-12-01,21,6,2,0,1,
3593866365,130,True,2942,22,7,69,2017-12-02,21,7,13,0,1,
3593941710,132,False,1313,22,7,16,2017-12-02,21,2,5,0,1,
3593980953,128,True,1595,22,7,7,2017-12-02,21,1,9,0,1,
3594044109,1,False,3492,22,7,51,2017-12-02,21,9,7,0,1,
3595637391,129,False,1140,22,7,57,2017-12-02,21,4,0,0,1,
3595808398,128,True,1380,22,7,78,2017-12-03,,3,5,0,,
3595851931,128,False,2259,22,7,51,2017-12-03,21,3,14,0,1,
3595895524,128,True,1595,22,7,12,2017-12-03,,8,7,0,,
3595945886,2,True,2195,22,7,57,2017-12-03,21,3,4,0,1,
3595997805,131,False,3322,22,7,111,2017-12-03,21,9,5,0,1,
3596104249,130,True,1916,3,0,57,2017-12-03,21,1,2,0,5,
3597648025,4,True,1476,22,7,51,2017-12-03,21,3,4,0,1,
3597688240,3,False,1145,22,7,57,2017-12-03,21,0,2,0,1,
3598246460,132,True,1321,22,7,57,2017-12-04,,0,1,0,,
3598282721,3,True,1477,22,7,15,2017-12-04,21,13,0,0,1,
3598325682,128,False,1920,22,7,88,2017-12-04,21,2,9,0,1,
3599572388,131,True,2450,22,7,65,2017-12-05,21,6,10,0,1,
3599614957,130,True,2133,22,7,51,2017-12-05,21,5,8,0,1,
3599646103,2,True,1528,22,7,104,2017-12-05,21,6,5,0,1,
3599670043,131,True,2230,22,7,13,2017-12-05,21,6,2,0,1,
3599890927,132,False,2158,22,7,51,2017-12-05,21,0,3,0,1,
3599945476,128,True,1378,22,7,51,2017-12-05,21,3,3,0,1,
3599984452,131,True,2506,22,7,16,2017-12-05,21,3,5,0,1,
3600046436,0,False,1099,22,7,51,2017-12-05,21,2,3,0,1,
3600085802,131,True,1411,22,7,40,2017-12-05,21,1,9,0,1,
3600213907,1,False,2537,22,7,104,2017-12-05,21,13,8,0,1,
3600283116,131,False,2536,22,7,16,2017-12-05,,10,1,0,,
3601281993,130,True,1621,22,7,104,2017-12-05,,2,6,0,,
3601309827,130,True,2863,22,7,16,2017-12-05,21,1,12,0,1,
3601349276,2,True,2458,22,7,29,2017-12-06,21,3,5,0,1,
3601386752,3,True,2038,22,7,48,2017-12-06,21,15,3,0,1,
3601613272,0,True,1694,22,7,57,2017-12-06,21,4,1,0,1,
3601661677,0,True,1256,22,7,16,2017-12-06,21,3,2,0,1,
3601697841,0,False,1941,22,7,40,2017-12-06,21,1,2,0,1,
3601740243,1,False,3553,22,7,65,2017-12-06,21,4,9,0,1,
3601819298,132,False,2911,22,7,102,2017-12-06,21,3,8,0,1,
3601917856,0,True,2873,22,7,87,2017-12-06,,2,5,0,,
3602156938,132,False,1588,22,0,48,2017-12-06,,13,2,0,,
3602229795,132,False,1997,22,0,76,2017-12-06,,10,3,0,,
3603002493,132,True,1630,22,7,60,2017-12-06,21,1,2,0,1,
3603029905,130,True,1935,22,7,16,2017-12-06,21,2,5,0,1,
3603059956,2,True,2228,22,7,55,2017-12-07,21,4,0,0,1,
3603157776,4,True,2991,22,7,29,2017-12-07,21,7,0,0,1,
3603694635,4,False,1994,22,0,120,2017-12-07,,4,5,0,,
3603752392,132,False,1985,22,0,120,2017-12-07,,5,8,0,,
3603840916,130,False,761,4,0,63,2017-12-07,,8,0,0,,
3605051368,131,False,3650,22,0,33,2017-12-08,,8,3,0,,
3606387419,4,False,4101,22,0,33,2017-12-08,,7,7,0,,
3606779054,4,True,1927,22,7,97,2017-12-09,,6,1,0,,
3608987218,4,True,1786,22,7,2,2017-12-10,21,9,3,0,1,
3609031796,0,True,1405,22,7,16,2017-12-10,21,7,4,0,1,
3609311431,4,True,1616,4,0,48,2017-12-10,21,10,1,0,5,
3611316920,132,True,471,22,0,120,2017-12-11,,0,1,1,,
3611342643,132,False,2495,22,0,120,2017-12-11,,7,3,0,,
3612796349,2,False,2605,22,0,2,2017-12-12,,7,9,0,5,
3612966414,2,False,2600,22,0,65,2017-12-12,21,8,2,0,5,
3613043800,130,False,1905,22,0,16,2017-12-12,,3,1,0,,
3613140881,2,True,2891,22,0,13,2017-12-12,,10,4,0,,
3613546997,129,False,2692,22,0,97,2017-12-12,,5,3,0,,
3613645171,129,False,2780,22,0,28,2017-12-12,21,7,4,0,5,
3614986764,4,False,1736,22,7,16,2017-12-13,21,3,9,0,1,
3615015477,131,False,1747,22,7,55,2017-12-13,21,7,2,0,,
3615135745,4,True,759,22,7,65,2017-12-13,21,2,0,0,1,
3615219869,128,True,1878,22,7,69,2017-12-13,,7,5,0,,
3615264779,0,True,1553,22,7,13,2017-12-13,,4,4,0,,
3615322163,3,False,1575,22,0,86,2017-12-13,,4,10,0,,
3615488442,2,True,1108,22,0,104,2017-12-13,,8,0,0,,
3615536683,130,False,2062,22,0,88,2017-12-13,21,9,2,0,5,
3615619350,130,False,1527,22,0,9,2017-12-13,21,7,2,0,5,
3615775796,132,False,1879,22,0,97,2017-12-13,21,10,2,0,5,
3615855020,132,False,2358,22,0,41,2017-12-13,,5,3,0,,
3615999764,130,False,1307,22,0,53,2017-12-13,21,8,0,0,5,
3616684302,1,False,2490,22,7,13,2017-12-14,21,5,7,0,1,
3616813539,4,False,1457,22,7,57,2017-12-14,,2,6,0,,
3616846252,128,True,1593,22,7,64,2017-12-14,21,6,9,0,1,
3616881624,2,True,1991,22,7,28,2017-12-14,21,3,2,0,1,
3616924586,3,True,1660,22,7,16,2017-12-14,21,1,4,0,1,
3616966980,131,True,2519,22,7,3,2017-12-14,,4,7,0,1,
3617029665,3,False,2252,22,7,51,2017-12-14,,10,12,0,,
3617094191,3,False,2182,22,7,16,2017-12-14,21,5,4,0,1,
3617152194,3,False,1852,22,7,104,2017-12-14,21,2,6,0,1,
3617216895,130,True,2063,22,7,65,2017-12-14,21,4,8,0,1,
3618453659,0,True,1914,22,7,57,2017-12-15,,8,0,0,,
3618489793,3,False,1882,22,7,16,2017-12-15,,2,7,0,,
3618535276,131,False,1747,22,7,97,2017-12-15,,6,5,0,,
3618584768,131,True,2224,22,7,88,2017-12-15,,5,9,0,,
3618730713,128,True,983,22,7,29,2017-12-15,21,1,3,0,1,
3618766055,128,True,4312,22,7,93,2017-12-15,21,16,7,0,1,
3618890131,3,True,1251,22,7,57,2017-12-15,21,1,0,0,1,
3618936872,2,False,2216,22,7,57,2017-12-15,21,0,7,0,1,
3619022949,128,False,944,22,7,86,2017-12-15,,2,1,0,,
3619065622,3,False,2250,22,7,86,2017-12-15,,1,11,0,,
3619143295,1,False,2083,22,7,16,2017-12-15,21,6,7,0,1,
3620742809,2,True,1594,22,7,13,2017-12-16,,2,4,0,,
3620966426,2,False,2440,22,7,13,2017-12-16,21,8,1,0,1,
3621208236,0,False,2262,22,7,48,2017-12-16,21,5,9,0,,
3621354122,3,False,1506,22,7,86,2017-12-16,,3,6,0,,
3621418301,3,True,2389,22,7,51,2017-12-16,21,3,5,0,1,
3621550066,130,False,2545,22,7,33,2017-12-16,21,6,3,0,1,
3621728307,0,True,2279,22,7,13,2017-12-16,21,4,2,0,1,
3622004126,1,True,1367,22,7,3,2017-12-16,21,5,1,0,1,
3623167155,1,False,2688,22,7,108,2017-12-17,,6,9,0,,
3623243128,131,True,1498,22,7,55,2017-12-17,21,2,4,0,1,
3623333046,131,False,2304,22,7,57,2017-12-17,,4,3,0,,
3623392991,131,False,2461,22,7,3,2017-12-17,,4,7,0,,
3623498970,2,False,1806,22,7,57,2017-12-17,21,6,6,0,1,
3623779608,3,True,1672,22,7,57,2017-12-17,21,5,4,0,1,
3624398464,1,True,2194,22,0,41,2017-12-17,,3,1,0,,
3624510909,129,True,2022,22,0,13,2017-12-17,,1,3,0,,
3625514229,130,True,1197,22,7,79,2017-12-18,21,2,5,0,1,
3625541872,2,False,1900,22,7,3,2017-12-18,21,4,9,0,1,
3625583342,3,False,2002,22,7,13,2017-12-18,21,3,5,0,1,
3625652812,2,False,2366,22,7,55,2017-12-18,21,6,5,0,1,
3625708653,128,False,407,22,7,16,2017-12-18,21,0,1,0,1,
3625727544,4,False,1455,22,7,65,2017-12-18,,5,9,0,,
3625769219,0,False,1560,22,7,120,2017-12-18,,2,5,0,,
3625815287,1,False,2131,22,7,97,2017-12-18,,4,5,0,,
3625873532,132,True,2523,22,7,78,2017-12-18,,1,11,0,,
3625944938,131,True,3079,22,7,3,2017-12-18,21,4,6,0,1,
3626052912,0,False,2186,22,7,120,2017-12-18,,5,7,0,,
3626155690,2,True,1806,22,7,57,2017-12-18,21,5,3,0,1,
3626294113,2,True,1833,22,7,13,2017-12-18,21,2,1,0,1,
3626395052,2,True,1980,22,7,3,2017-12-18,21,2,4,0,1,
3626636466,1,True,2578,22,7,86,2017-12-18,,5,5,0,,
3627578243,4,False,1399,22,7,51,2017-12-19,21,3,9,0,1,
3627630259,4,False,1969,22,7,120,2017-12-19,21,16,6,0,1,
3627851386,4,False,1898,22,7,88,2017-12-19,21,2,5,0,1,
3627920686,2,False,2101,22,7,88,2017-12-19,21,3,4,0,1,
3628000684,131,False,1733,22,7,51,2017-12-19,21,9,0,0,1,
3628091971,128,False,2804,22,7,88,2017-12-19,,10,7,0,,
3628218888,128,True,2583,22,7,88,2017-12-19,,4,4,0,,
3628311286,130,False,1531,22,7,120,2017-12-19,21,6,2,0,1,
3628424276,128,False,2683,22,7,79,2017-12-19,21,7,10,0,1,
3628538795,131,False,1797,22,7,88,2017-12-19,,2,3,0,,
3629430700,128,True,1400,22,7,57,2017-12-20,21,0,6,0,,
3629691141,130,False,1474,22,7,51,2017-12-20,,13,2,0,,
3629850824,132,False,2341,22,7,120,2017-12-20,21,6,6,0,1,
3629953690,2,True,2192,22,7,88,2017-12-20,21,8,7,0,1,
3630115871,0,True,3013,22,7,88,2017-12-20,21,6,4,0,1,
3631466975,128,True,1428,22,7,111,2017-12-21,21,4,2,0,1,
3631518540,131,False,1739,22,7,3,2017-12-21,21,3,1,0,1,
3631636581,0,False,2308,22,7,120,2017-12-21,21,2,8,1,1,
3631797796,2,True,2775,22,7,3,2017-12-21,21,7,7,0,1,
3633718300,129,True,1904,22,7,120,2017-12-22,21,3,7,0,,
3633774995,129,False,1299,22,7,57,2017-12-22,,2,1,0,,
3634159696,4,False,3119,22,7,51,2017-12-22,21,3,16,0,1,
3634264589,0,True,714,22,7,97,2017-12-22,,1,0,0,,
3636084985,130,False,3312,22,0,120,2017-12-23,,6,6,0,,
3636214075,131,False,2426,22,0,120,2017-12-23,21,10,5,0,4,
3636360935,1,True,1815,22,7,16,2017-12-23,21,3,5,0,1,
3636853513,129,True,1259,22,7,7,2017-12-23,,2,3,0,,
3637040438,132,True,770,22,7,111,2017-12-23,21,1,1,0,1,
3637091997,4,False,3921,22,7,120,2017-12-23,21,11,16,0,1,
3637287258,3,True,2978,22,7,88,2017-12-23,21,9,6,0,,
3637357095,0,True,1265,22,7,16,2017-12-23,21,3,2,0,,
3637400423,132,True,526,22,7,88,2017-12-23,21,0,2,1,,
3639026290,3,True,1142,22,7,13,2017-12-24,21,3,1,0,1,
3639082466,129,True,1835,22,7,97,2017-12-24,21,1,5,0,1,
3639348832,0,False,1950,22,7,13,2017-12-24,,3,10,0,,
3639405882,0,False,2081,22,7,51,2017-12-24,21,7,9,0,1,
3639459728,131,False,2363,22,7,29,2017-12-24,21,3,3,0,1,
3639526220,2,False,2027,22,7,88,2017-12-24,21,4,5,0,1,
3639567623,2,True,681,22,7,51,2017-12-24,21,3,0,0,1,
3639627175,3,False,2915,22,7,41,2017-12-25,21,5,8,0,1,
3639678691,130,True,1526,22,7,71,2017-12-25,21,1,11,3,1,
3639702168,3,False,2759,22,7,120,2017-12-25,21,4,7,0,1,
3640381192,129,False,2636,22,7,2,2017-12-25,21,12,8,0,1,
3640543625,3,False,1419,22,7,69,2017-12-25,21,1,10,0,1,
3641038984,1,False,2206,22,7,120,2017-12-25,,3,5,0,,
3641108497,3,False,2452,22,7,51,2017-12-25,,5,10,0,,
3641182853,130,True,1857,22,7,3,2017-12-25,21,2,6,0,1,
3641239957,131,False,1378,22,7,51,2017-12-25,,5,3,0,,
3641285050,3,True,2048,22,7,87,2017-12-25,21,4,4,0,1,
3641341048,2,False,1955,22,7,3,2017-12-25,21,3,3,0,1,
3641388988,0,False,2632,22,7,108,2017-12-25,21,8,1,0,1,
3641446843,3,False,1136,22,7,104,2017-12-25,21,1,4,0,1,
3641476973,0,True,1393,22,7,3,2017-12-25,21,5,3,0,1,
3641503048,132,False,1410,22,7,51,2017-12-25,21,4,3,0,1,
3641535456,3,True,1353,22,7,71,2017-12-26,21,6,5,0,1,
3641558784,3,False,2087,22,7,3,2017-12-26,21,1,6,0,1,
3641606978,131,False,2163,22,7,57,2017-12-26,21,13,3,0,1,
3641645692,132,True,2108,22,7,87,2017-12-26,,2,9,0,,
3643005298,2,True,2055,22,7,65,2017-12-26,,7,11,0,,
3643080128,4,False,2343,22,7,27,2017-12-26,,8,13,0,,
3643150848,131,False,1407,22,7,3,2017-12-26,21,3,2,0,1,
3643257363,130,False,1191,22,7,104,2017-12-26,21,6,3,0,1,
3643342510,1,True,2083,22,7,57,2017-12-26,21,8,5,0,1,
3643504688,129,False,1564,22,7,102,2017-12-27,,6,5,0,,
3643554202,1,True,2073,22,7,97,2017-12-27,21,5,4,0,1,
3643623210,4,True,1487,22,7,3,2017-12-27,21,0,2,0,1,
3645194523,128,True,2092,22,7,84,2017-12-27,,2,12,0,,
3645250006,1,True,1705,22,7,120,2017-12-27,,3,1,0,,
3645314946,0,True,1937,22,7,65,2017-12-27,21,12,4,0,1,
3645368155,131,False,2221,22,7,88,2017-12-27,,4,4,0,,
3649134613,1,True,2115,22,7,104,2017-12-29,21,3,7,0,1,
3649513542,129,False,1953,22,7,13,2017-12-30,21,6,0,0,1,
3661200696,129,False,1432,22,7,97,2018-01-05,,3,2,0,1,
3661238658,0,True,1984,22,7,88,2018-01-05,,4,5,0,,
3662928413,129,False,2053,22,7,3,2018-01-06,,6,5,0,,
3665129877,128,False,3236,22,7,51,2018-01-07,21,4,2,0,1,
3665243188,131,True,1328,22,7,13,2018-01-07,21,1,7,0,1,
3665288337,132,False,1511,22,7,51,2018-01-07,21,1,1,0,1,
3667299033,131,False,693,22,7,51,2018-01-08,21,1,0,0,1,
3669096700,132,False,2150,4,0,72,2018-01-09,,20,1,0,,
3672310914,129,True,2625,22,7,102,2018-01-11,21,6,6,0,1,
3672420133,132,False,1676,22,7,13,2018-01-11,,5,4,0,,
3672461104,131,False,2598,22,7,3,2018-01-11,21,3,13,0,1,
3676168690,129,True,1481,22,7,3,2018-01-13,21,2,5,0,1,
3676260059,3,False,2091,22,7,51,2018-01-13,,9,11,0,,
3676343332,3,True,1175,22,7,55,2018-01-13,21,1,0,0,1,
3676394158,3,False,2451,22,7,13,2018-01-13,,4,3,0,1,
3678419552,1,False,861,22,7,78,2018-01-14,,1,3,0,1,
3678458924,132,True,2174,22,7,65,2018-01-14,21,5,4,0,1,
3678544573,130,True,1058,22,7,65,2018-01-14,21,2,2,0,1,
3681551328,132,True,1799,22,7,16,2018-01-15,21,5,5,0,1,
3683195040,128,False,2152,22,7,16,2018-01-16,21,12,1,0,1,
3683254035,4,True,1156,22,7,51,2018-01-16,,4,1,0,,
3683565492,0,True,2418,22,7,78,2018-01-17,21,7,6,0,1,
3685047184,130,True,1546,22,7,27,2018-01-18,,5,10,0,,
3685073247,1,False,1411,22,7,13,2018-01-18,21,2,7,0,1,
3685098902,2,True,2001,22,7,51,2018-01-18,21,9,4,0,1,
3685131421,130,False,1865,22,7,51,2018-01-18,21,3,1,0,1,
3685164827,3,True,3279,22,7,13,2018-01-18,21,11,8,0,1,
3687051877,4,True,2696,22,7,78,2018-01-19,21,4,1,0,1,
3688620936,0,True,1522,22,7,104,2018-01-20,21,6,3,0,1,
3688675877,132,True,1849,22,7,27,2018-01-20,,2,11,0,1,
3688792991,130,False,2373,22,7,13,2018-01-20,,6,7,0,,
3690744818,0,False,2166,22,7,2,2018-01-21,21,8,7,0,1,
3690991527,130,False,2487,22,7,33,2018-01-21,21,8,2,0,1,
3691069587,4,True,2770,22,7,13,2018-01-21,21,2,2,0,1,
3692644028,0,False,1434,22,7,51,2018-01-22,,2,8,0,,
3692669158,4,False,2917,22,7,55,2018-01-22,21,7,10,0,1,
3692710521,3,True,1444,22,7,102,2018-01-22,21,2,2,0,1,
3692749153,1,True,2445,22,7,102,2018-01-22,21,5,9,0,1,
3692830848,128,True,1703,22,7,65,2018-01-22,21,2,9,0,1,
3692910361,130,True,2179,22,7,88,2018-01-22,,6,10,0,,
3694201178,0,False,1761,22,7,102,2018-01-22,,0,4,0,,
3694240497,132,False,2974,22,7,51,2018-01-22,21,13,10,0,1,
3694434244,3,False,2860,22,7,104,2018-01-23,21,8,8,0,1,
3694478662,4,False,1758,22,7,51,2018-01-23,,5,5,0,,
3694510844,4,True,2300,22,7,51,2018-01-23,,8,10,0,,
3694583628,130,False,2066,22,7,78,2018-01-23,21,7,2,0,1,
3694728803,130,False,1929,22,7,104,2018-01-23,21,12,6,0,1,
3696051233,4,False,2145,22,7,104,2018-01-24,,2,13,0,1,
3696083143,128,False,2311,22,7,51,2018-01-24,,11,6,0,,
3696234231,4,False,2422,22,7,33,2018-01-24,,9,8,0,,
3696424474,132,True,2064,3,0,57,2018-01-24,21,3,4,0,5,
3696511020,1,True,1298,22,0,13,2018-01-24,,11,0,0,,
3696838427,3,True,2779,22,0,14,2018-01-24,21,2,11,0,5,
3696941279,3,True,1779,22,0,35,2018-01-24,,11,2,0,,
3697908118,3,False,1608,22,7,87,2018-01-25,21,2,7,0,1,
3697939268,131,False,2793,22,7,102,2018-01-25,21,6,8,0,1,
3698147680,131,False,2034,22,0,58,2018-01-25,21,8,8,0,4,
3698202461,130,False,1703,22,0,69,2018-01-25,21,6,1,0,4,
3698259994,130,False,526,22,0,100,2018-01-25,21,1,1,0,4,
3698286632,3,True,1832,22,0,100,2018-01-25,,1,4,0,,
3699383027,3,False,2325,22,7,104,2018-01-25,21,5,8,0,1,
3699442205,131,False,2001,22,7,104,2018-01-26,21,7,4,0,1,
3701793312,132,True,1856,22,7,65,2018-01-27,,7,9,0,,
3701859174,4,True,1856,22,7,13,2018-01-27,21,4,5,0,1,
3703447028,0,True,2052,22,7,51,2018-01-28,21,6,5,0,1,
3703581084,132,True,2067,22,7,51,2018-01-28,21,4,9,0,1,
3705337216,1,True,1438,22,7,102,2018-01-29,21,1,1,0,1,
3705360597,1,False,2895,22,7,27,2018-01-29,21,3,15,0,1,
3705404232,129,False,2201,22,7,29,2018-01-29,21,6,2,0,1,
3707042109,2,True,1757,22,7,13,2018-01-30,21,7,3,0,,
3710438668,131,True,2757,22,7,108,2018-02-01,21,4,6,1,1,
3710477538,4,True,2550,22,7,51,2018-02-01,,7,5,0,,
3712225203,0,False,1895,22,7,88,2018-02-02,21,1,6,0,1,
3712258063,130,True,1763,22,7,13,2018-02-02,21,2,4,0,1,
3712293441,130,True,1458,22,7,108,2018-02-02,21,3,6,3,1,
3713986283,132,True,1793,22,7,78,2018-02-03,,6,5,0,,
3714056904,130,False,1916,22,7,51,2018-02-03,21,7,9,0,1,
3714141996,128,True,1797,22,7,102,2018-02-03,21,2,10,0,1,
3714203561,1,False,2235,22,7,55,2018-02-03,,3,5,0,,
3714265913,131,False,2649,22,7,57,2018-02-03,21,5,9,0,1,
3714378383,4,False,2823,22,7,30,2018-02-03,21,7,11,0,1,
3717740673,3,True,2016,22,0,41,2018-02-04,21,11,0,0,5,
3717774284,3,True,2264,3,0,72,2018-02-05,,9,5,0,,
3717804909,3,False,1977,22,0,78,2018-02-05,21,4,6,0,5,
3717830719,3,False,3087,3,0,54,2018-02-05,,3,4,0,,
3722318472,4,True,1489,22,7,27,2018-02-07,21,4,7,0,1,
3722360790,132,False,2623,22,7,29,2018-02-07,21,4,5,0,1,
3724370444,131,False,2913,22,7,16,2018-02-09,21,7,12,0,1,
3725856317,1,False,2308,22,7,51,2018-02-09,21,3,10,0,1,
3725901956,4,True,1041,22,7,13,2018-02-09,,7,0,0,1,
3729704867,131,False,2022,22,7,71,2018-02-11,21,1,4,0,1,
3729965389,0,False,1829,22,7,108,2018-02-12,21,2,4,0,1,
3730067445,128,False,2718,22,7,33,2018-02-12,,2,4,0,,
3734915495,131,False,1911,22,0,57,2018-02-15,21,10,2,0,5,
3736424751,132,True,1090,3,0,78,2018-02-16,21,0,2,3,5,
3736465341,0,True,1888,4,0,15,2018-02-16,21,17,4,0,4,
3739904900,130,False,2520,22,7,16,2018-02-18,21,12,4,0,,
3740072417,129,True,2216,3,0,18,2018-02-18,21,6,7,0,5,
3740145282,129,False,2970,3,0,97,2018-02-18,21,2,4,0,5,
3740238915,1,True,1493,22,0,8,2018-02-18,21,5,3,0,5,
3740293647,1,True,1856,22,0,48,2018-02-18,21,12,1,0,5,
3741910054,132,True,2630,22,0,29,2018-02-19,21,6,4,0,5,
3742022364,132,False,1742,22,0,8,2018-02-19,,12,2,0,,
3742099178,130,False,909,22,0,26,2018-02-19,,1,2,0,,
3749548200,0,True,2814,22,0,97,2018-02-24,,5,2,0,,
3749604665,132,True,3076,22,0,29,2018-02-24,,7,4,0,,
3749722012,131,False,2503,3,0,57,2018-02-24,,1,8,0,,
3749782731,131,False,2201,22,0,65,2018-02-24,,11,4,0,,
3749940329,0,False,2003,3,0,97,2018-02-24,,3,5,0,,
3750205839,4,False,2936,3,0,97,2018-02-24,,4,6,0,,
3751858681,132,True,2315,22,0,13,2018-02-25,,3,11,0,,
3751950589,131,False,1887,3,0,104,2018-02-25,,9,3,0,,
3754902548,4,True,1430,3,0,78,2018-02-27,,2,0,0,,
3754974366,1,True,3118,22,0,13,2018-02-27,,8,7,0,,
3755043897,1,True,1956,3,0,78,2018-02-27,,11,4,0,,
3755173164,128,True,1922,3,7,27,2018-02-27,,3,8,0,,
3755220668,0,True,630,3,7,29,2018-02-27,21,1,0,0,1,
3755250890,128,True,2033,3,7,55,2018-02-27,,4,7,0,,
3755312487,129,False,1708,3,7,78,2018-02-27,,6,1,0,,
3755369399,128,True,2302,3,7,102,2018-02-27,,4,7,0,,
3755438592,4,True,2213,3,7,69,2018-02-27,21,1,4,0,1,
3756750628,128,True,1617,3,7,33,2018-02-28,21,1,6,0,1,
3756793407,129,False,1311,3,7,57,2018-02-28,21,3,1,0,1,
3756844089,1,False,3054,3,7,57,2018-02-28,,6,3,2,,
3758119539,132,True,2405,3,7,78,2018-03-01,21,2,9,0,1,
3758167243,0,False,2127,3,7,57,2018-03-01,,3,7,0,,
3758215442,3,True,1374,3,7,16,2018-03-01,,2,3,0,,
3758251571,0,False,1328,3,7,38,2018-03-01,,0,7,0,,
3758294913,0,False,1525,3,7,57,2018-03-01,,4,2,0,,
3758731437,2,False,1991,3,7,51,2018-03-01,,2,7,0,,
3758808951,129,False,3087,3,7,57,2018-03-01,,1,5,0,,
3758929276,1,True,1857,3,7,16,2018-03-01,,2,4,0,,
3759016584,4,False,1457,3,7,87,2018-03-01,21,0,8,0,1,
3759063706,2,False,2135,3,7,88,2018-03-01,21,0,8,0,,
3760430502,0,True,2071,3,7,72,2018-03-02,21,13,3,0,1,
3760502361,128,True,1528,3,7,29,2018-03-02,,1,6,0,,
3760554489,131,True,1988,3,7,120,2018-03-02,,6,5,0,,
3760623221,132,False,2387,3,7,57,2018-03-02,,6,2,0,,
3760703756,129,False,1679,3,7,69,2018-03-02,,1,7,0,,
3811785061,129,True,3016,3,0,104,2018-04-01,,6,11,0,,
3811872256,130,False,2155,3,0,28,2018-04-01,21,4,3,0,3,
3817582635,1,True,2677,3,0,102,2018-04-05,,12,6,0,,
3817681989,129,False,1858,3,0,97,2018-04-05,,2,5,0,,
3817746081,130,True,2127,3,0,57,2018-04-05,,4,6,0,,
3817819513,129,False,4133,3,0,51,2018-04-05,,5,20,0,,
3831711840,132,False,2102,3,7,40,2018-04-14,21,4,10,0,,
3833973253,1,False,1085,3,0,57,2018-04-15,,0,5,1,,
3834013731,1,True,1516,3,0,16,2018-04-15,,11,2,0,,
3852755677,4,False,2794,3,7,86,2018-04-27,,7,9,1,,
3854278671,129,False,3079,3,0,86,2018-04-28,,2,10,0,,
3886534859,1,False,2604,3,7,97,2018-05-13,,1,3,0,,
3886675002,3,True,2610,3,0,101,2018-05-13,,9,8,0,,
3949592025,132,True,1445,3,7,3,2018-06-13,21,2,7,0,1,
3949641097,1,True,2941,3,7,32,2018-06-13,21,6,11,0,1,
3949731508,132,False,2846,3,7,3,2018-06-13,21,6,11,0,1,
3949825172,132,False,2722,3,7,87,2018-06-13,21,3,11,0,1,
3949928988,0,False,2584,3,7,3,2018-06-13,21,5,10,0,1,
3950322676,0,True,2630,3,7,78,2018-06-13,,8,5,0,,
3950508749,129,True,2103,3,7,78,2018-06-13,21,2,9,0,1,
3951537883,130,True,1517,3,7,37,2018-06-14,21,1,7,0,1,
3951584724,128,False,1192,3,7,16,2018-06-14,21,3,1,0,1,
3951624088,130,True,2073,3,7,69,2018-06-14,21,2,11,0,1,
3951725819,128,True,1144,3,7,84,2018-06-14,21,1,11,0,1,
3951765131,3,True,3999,3,7,38,2018-06-14,21,6,12,0,1,
3951920621,131,True,2072,3,7,111,2018-06-14,21,9,8,0,1,
3952011031,130,True,1953,3,7,51,2018-06-14,21,7,9,0,1,
3953079039,131,True,2703,3,7,69,2018-06-15,21,4,11,0,1,
3953137012,4,False,2808,3,7,4,2018-06-15,,17,10,0,,
3953201211,3,True,2573,3,7,60,2018-06-15,21,13,3,0,1,
3953260607,4,False,1718,3,7,104,2018-06-15,21,6,8,0,1,
3953302678,3,True,2326,3,7,79,2018-06-15,21,3,5,0,1,
3953363972,130,True,2518,3,7,2,2018-06-15,21,8,6,0,1,
3953432984,130,True,1932,3,7,104,2018-06-15,21,4,12,0,1,
3953498886,3,True,1950,3,7,48,2018-06-15,21,4,5,0,1,
3953565231,0,True,4109,3,7,65,2018-06-15,,13,16,0,,
3955631930,132,False,2441,3,7,104,2018-06-16,21,7,5,0,1,
3955837159,128,False,1635,3,7,30,2018-06-16,21,5,9,0,1,
3956107116,0,False,1739,3,7,104,2018-06-16,21,3,7,0,1,
3956176576,0,True,2460,3,7,16,2018-06-16,21,5,8,0,1,
3956273351,129,True,2514,3,7,51,2018-06-16,21,7,15,0,1,
3956380180,128,False,892,3,7,30,2018-06-16,21,6,0,0,1,
3956432112,3,False,2519,3,7,3,2018-06-16,21,2,22,0,1,
3956532366,132,True,2288,3,7,2,2018-06-16,21,8,10,0,1,
3956761398,130,False,1297,3,7,29,2018-06-16,21,1,0,0,1,
3960735757,132,False,2030,3,7,16,2018-06-18,,2,10,0,,
3961108891,129,False,2613,3,7,51,2018-06-19,21,12,8,0,1,
3961178475,0,True,2429,3,7,16,2018-06-19,21,4,7,0,1,
3961234781,2,True,1273,3,7,16,2018-06-19,21,5,4,0,1,
3961307523,132,False,2522,3,7,64,2018-06-19,21,4,12,0,1,
3961402222,1,True,2000,3,7,86,2018-06-19,21,2,7,0,1,
3961473724,3,False,2738,3,7,55,2018-06-19,21,4,8,0,1,
3962743542,129,True,2225,3,7,111,2018-06-20,21,1,11,0,1,
3962797514,3,True,1803,3,7,48,2018-06-20,21,8,5,0,,
3962844885,128,True,3063,3,7,6,2018-06-20,21,11,9,0,1,
3962918913,130,False,1331,3,7,4,2018-06-20,21,3,3,0,,
3962961468,128,True,1524,3,7,51,2018-06-20,21,1,7,0,1,
3963006032,132,False,2284,3,7,51,2018-06-20,,9,6,0,,
3963096807,0,False,3603,3,7,2,2018-06-20,21,9,10,0,,
3963198022,0,True,2410,3,7,67,2018-06-20,21,11,5,0,1,
3963283244,128,False,3204,3,7,104,2018-06-20,21,12,8,0,1,
3963396717,2,False,3408,3,7,37,2018-06-20,,1,6,0,,
3963533983,129,False,3472,3,7,57,2018-06-20,21,2,5,0,1,
3964540115,0,True,3164,3,7,108,2018-06-21,21,3,3,0,1,
3964633730,0,True,2249,3,7,78,2018-06-21,21,4,2,0,1,
3964739997,130,False,1939,3,7,75,2018-06-21,21,2,6,0,1,
3964861828,128,False,1653,3,7,20,2018-06-21,21,5,2,0,1,
3964981145,128,True,2478,3,7,54,2018-06-21,21,7,7,0,1,
3965094728,131,False,2198,3,7,51,2018-06-21,21,6,2,0,1,
3965287868,132,False,1554,3,7,51,2018-06-21,,3,3,0,,
3965345737,128,True,2048,3,7,95,2018-06-21,,7,7,0,,
3965408795,3,True,1387,3,7,60,2018-06-21,21,8,0,0,1,
3966282377,131,False,3222,3,7,78,2018-06-22,21,7,7,0,1,
3966359329,130,True,2135,3,7,111,2018-06-22,21,1,11,0,1,
3966421136,132,False,406,3,7,104,2018-06-22,21,0,0,0,1,
3966495214,129,True,2210,3,7,29,2018-06-22,21,0,7,0,,
3966564315,129,True,1311,3,7,60,2018-06-22,21,2,5,0,1,
3966608978,3,False,2310,3,7,87,2018-06-22,21,0,11,0,1,
3967246897,1,False,2934,3,7,4,2018-06-22,,5,10,0,,
3967346187,1,True,3817,3,7,28,2018-06-22,21,9,7,0,1,
3968146234,3,False,2528,3,7,63,2018-06-23,21,8,6,0,1,
3968225333,131,True,1607,3,7,33,2018-06-23,21,2,6,0,1,
3968293040,0,True,2215,3,7,54,2018-06-23,21,11,4,0,1,
3968368932,130,True,2325,3,7,104,2018-06-23,21,3,14,0,1,
3968445312,3,True,1960,3,7,78,2018-06-23,21,3,2,0,,
3968527164,129,True,2369,3,7,104,2018-06-23,21,13,6,0,1,
3968614637,128,False,1619,3,7,32,2018-06-23,21,3,4,0,1,
3968677099,2,False,2817,3,7,114,2018-06-23,21,10,8,0,1,
3968805394,132,True,1206,3,7,97,2018-06-23,21,1,1,0,1,
3968863540,128,True,2252,3,7,64,2018-06-23,21,4,10,0,1,
3977024837,132,True,3100,3,0,4,2018-06-28,,14,11,0,,
3977098327,132,False,1976,3,0,51,2018-06-28,,5,2,0,,
3977169412,0,True,2340,3,7,55,2018-06-28,21,1,4,0,,
3977271973,128,True,2104,3,7,104,2018-06-28,21,5,11,0,1,
3977333537,130,False,1741,3,7,111,2018-06-28,21,3,4,0,,
3977391894,3,False,2452,3,7,64,2018-06-28,21,2,11,0,1,
3977472135,129,True,1763,3,7,16,2018-06-28,21,2,10,0,,
3977555347,130,False,2255,3,7,96,2018-06-28,21,9,8,0,,
3977678411,3,False,3469,3,7,84,2018-06-28,21,5,10,0,,
3977971661,3,True,1787,3,7,101,2018-06-28,21,5,3,0,1,
3978069892,129,True,2208,3,7,51,2018-06-28,21,7,5,0,1,
3979413849,130,True,1368,3,7,37,2018-06-29,21,0,4,0,,
3979479938,129,True,1941,3,7,2,2018-06-29,21,2,9,0,,
3979559260,0,True,1582,3,7,69,2018-06-29,21,2,0,0,1,
3979622144,4,True,2314,3,7,96,2018-06-29,21,4,11,0,,
3979845069,129,True,1693,3,7,104,2018-06-29,21,0,4,0,1,
3979896534,128,True,3122,3,7,31,2018-06-29,21,7,7,0,,
3981036691,2,True,1332,3,7,57,2018-06-30,21,2,2,0,1,
3981095932,3,False,1875,3,7,84,2018-06-30,21,3,9,0,,
3981173714,128,True,1816,3,7,55,2018-06-30,,1,2,0,,
3982120894,131,False,2625,3,7,44,2018-07-01,21,14,2,0,1,
3982193318,130,False,1726,3,7,29,2018-07-01,21,6,3,0,1,
3982235505,130,True,2196,3,7,6,2018-07-01,21,4,4,0,,
3982286872,132,True,1714,3,7,114,2018-07-01,21,1,5,0,1,
3982349293,4,True,1656,3,7,50,2018-07-01,21,4,1,0,1,
3982397975,4,False,3625,3,7,95,2018-07-01,21,4,11,0,1,
3982493271,4,False,2152,3,7,108,2018-07-01,21,3,5,0,1,
3982561651,128,True,2999,3,7,20,2018-07-01,21,0,18,0,1,
4006810701,128,True,2315,3,7,71,2018-07-15,21,7,9,0,,
4006885712,130,False,2490,3,7,2,2018-07-15,21,5,8,0,,
4007018215,131,True,1770,3,7,104,2018-07-15,21,3,9,0,,
4007367233,132,True,2013,3,7,51,2018-07-15,21,5,12,0,,
4007425126,130,True,2036,3,7,50,2018-07-15,21,1,10,0,,
4007487567,129,True,1694,3,7,84,2018-07-15,21,1,5,0,,
4013103474,2,False,3650,3,7,7,2018-07-19,21,1,13,0,1,
4013183380,2,False,2918,3,7,60,2018-07-19,21,3,5,0,1,
4113444530,130,False,3770,3,7,65,2018-09-12,,6,11,0,,
4113902836,132,True,893,3,7,114,2018-09-12,,0,5,3,,
4113937949,3,False,2698,3,7,65,2018-09-12,21,4,8,0,,
4116452857,132,False,2088,3,7,42,2018-09-14,21,6,4,0,,
4117278293,130,False,1576,3,7,83,2018-09-14,21,1,3,0,,
4134501243,128,False,2218,3,7,63,2018-09-24,21,6,2,0,,
4134551241,1,True,2784,3,7,70,2018-09-24,21,9,7,0,,
4134612586,129,True,1348,3,7,5,2018-09-24,21,0,5,0,,
4135101352,130,False,3157,3,7,63,2018-09-24,21,4,7,0,,
4136294682,128,False,1946,3,7,42,2018-09-25,21,9,2,0,,
4136610844,131,True,2093,3,7,6,2018-09-25,21,4,8,0,1,
4136669010,1,True,3189,3,7,3,2018-09-25,21,2,8,0,,
4137785310,130,True,2696,3,7,71,2018-09-26,21,1,9,0,1,
4151340115,132,True,2005,3,7,110,2018-10-04,21,11,8,0,,
4151396551,2,False,1487,3,7,13,2018-10-04,,1,8,0,,
4158748970,132,False,2472,3,0,8,2018-10-08,,10,1,0,,
4158828106,4,False,2544,3,0,12,2018-10-08,,4,11,0,,
4159899821,128,False,2660,3,7,75,2018-10-09,21,11,9,0,,
4160159941,128,True,1927,3,7,32,2018-10-09,21,6,13,1,,
4161479410,131,False,3505,3,7,63,2018-10-10,21,7,5,0,,
4166219179,4,True,2277,3,7,36,2018-10-13,21,10,4,0,,
4167971970,130,True,2046,3,7,97,2018-10-14,21,2,4,0,,
4168042031,4,False,2073,3,7,78,2018-10-14,21,2,8,0,,
